1.3386 0.000103 1.20871
1.17597 0.000126 1.15401
1.20846 7.7e-05 1.18295
1.18471 5.8e-05 1.28491
1.26621 0.000137 1.21946
1.34765 0.000178 1.44274
1.18241 0.000132 1.16597
1.69943 0.000169 1.60972
1.63343 0.000149 1.58996
1.30477 0.000161 1.27011
1.29636 0.000191 1.28549
1.24185 0.000127 1.25445
1.26574 0.000192 1.11372
1.31099 0.000105 1.14014
1.50592 0.000182 1.23704
1.43336 0.000489 1.34626
1.71386 0.002334 1.62494
1.30652 0.000182 1.18919
1.26419 0.000134 1.50921
1.22837 0.000124 1.21263
1.217 0.000159 1.18869
1.19786 0.000157 1.12314
1.23093 0.000256 1.13131
1.06026 0.000164 1.1472
1.07341 4.5e-05 1.01899
1.22083 0.00014 1.00348
1.07898 0.000141 1.1312
1.18201 0.000659 1.03944
1.03981 0.00036 1.10392
1.05604 0.000121 1.00581
1.00451 0.00018 0.935994
1.09021 0.00023 0.950133
0.972999 0.000125 0.838962
0.870055 0.000109 0.812372
0.911001 0.0001 0.827918
0.895202 5.2e-05 0.876049
0.917116 0.000251 0.874825
1.03563 0.000282 0.844613
0.981389 0.000355 0.81628
0.863827 0.00014 0.809728
0.992279 0.00013 0.916236
0.925689 0.000161 0.835307
1.22691 0.00015 1.0269
0.970003 0.000157 0.975708
0.982657 0.000147 0.957683
1.27816 0.000162 0.850148
0.965334 0.000127 0.942133
1.28111 0.00016 0.977429
1.01884 0.000132 0.935781
0.973025 0.000144 0.96169
0.979878 0.000166 0.906211
1.10678 0.733899 0.974312
1.02452 0.672878 0.954739
0.929765 0.73245 0.989541
0.93833 0.908072 0.963487
1.02503 0.665922 0.948686
0.916194 0.641473 0.986811
0.889016 0.633803 0.963786
0.966077 0.664954 0.905969
1.0444 0.699878 0.929943
0.978218 0.695185 0.957338
1.01462 0.681367 0.938366
1.06749 0.634288 0.960463
0.957765 0.710346 0.914962
1.15751 0.82125 1.00877
0.893657 0.63765 1.00669
1.01904 0.856183 0.970275
0.980948 0.696858 0.961115
1.29874 1.10721 1.26416
1.08975 0.937967 1.05284
1.382 1.13802 1.34484
1.10678 0.97596 1.21084
1.05145 0.878988 1.09273
1.04985 0.726166 1.06101
1.06031 0.709232 1.19936
1.07389 0.896408 1.11783
1.16983 0.735694 1.06885
1.18605 1.04402 1.39793
1.17457 0.77788 1.09515
1.09121 0.719959 1.07206
1.36987 1.05655 1.21517
1.12099 0.806699 1.12431
1.12435 0.697375 1.19527
1.12313 0.700528 1.10088
1.11242 0.702653 1.10723
1.27026 0.703747 1.07912
1.10419 0.701957 1.08329
1.14972 1.09689 1.30755
1.09979 0.711936 1.06826
1.09297 0.710135 1.0821
1.10348 0.818266 1.29982
1.48238 0.900544 1.1087
1.13173 0.712861 1.09023
1.12128 0.728923 1.10174
1.11882 0.704901 1.1064
1.18318 0.8646 1.08486
1.13671 0.753753 1.07902
1.2018 0.708881 1.05464
1.1082 0.750225 1.01237
1.07864 0.743925 1.04825
1.07528 0.798558 1.04461
1.22206 1.1977 1.29064
1.06418 0.713631 1.03499
1.15467 0.711823 1.04795
1.07707 0.705058 1.09674
1.08451 0.716542 1.06911
1.1304 0.75688 1.10308
1.14569 0.666457 1.09665
1.21587 0.665448 1.11551
1.11802 0.818987 1.11563
1.15742 0.734228 1.12573
1.19639 0.731127 1.13405
1.16065 0.710632 1.13942
1.17655 0.706396 1.15584
1.16841 0.758335 1.18239
1.17568 0.705445 1.15589
1.18898 0.739295 1.19832
1.21473 0.715789 1.20044
1.28774 0.710605 1.18686
1.22083 0.769706 1.07738
1.24596 0.755457 1.17006
1.18972 0.652047 1.13576
1.21038 0.812158 1.29935
1.20134 0.685028 1.18583
1.14692 0.644057 1.18037
1.21609 0.709259 1.43225
1.48863 1.06964 1.21237
2.02536 1.00615 1.32818
1.21519 0.66569 1.24609
1.25594 0.711227 1.1727
1.32672 0.712935 1.30814
1.25086 0.725965 1.21646
1.21755 0.646902 1.24977
1.28529 0.718135 1.25641
1.19347 0.64112 1.13989
1.30647 0.73818 1.21986
1.21728 0.687099 1.24558
1.1576 0.644262 1.1978
1.16986 0.716281 1.24297
1.08992 0.707315 1.22593
1.15879 0.671102 1.13244
1.11385 0.662894 1.16288
1.16344 0.688827 1.06559
1.24973 0.712261 1.13866
1.12749 0.817566 1.09823
1.12534 0.821205 1.12189
1.18303 0.640482 1.08448
1.07043 0.667888 1.05185
1.11429 0.721487 1.06355
1.10188 0.723916 1.06762
1.3552 1.14939 1.37443
1.03543 0.760097 1.01706
2.61094 1.6355 2.74809
1.24182 0.87928 1.15723
1.04326 0.727201 1.00221
1.04835 0.798562 1.02882
1.14557 0.714355 1.02515
1.24875 0.942092 0.965349
0.961357 0.70675 0.938006
0.988469 0.778781 0.965121
0.939912 0.710879 0.911333
1.15773 0.853565 0.934674
0.888173 0.702453 0.881418
0.87813 0.828959 0.970359
1.03043 0.683741 0.875567
0.866378 0.694625 0.875311
0.884331 0.849449 0.973065
0.865949 0.680817 0.826382
0.900032 0.793429 0.856932
0.818378 0.688439 0.837119
1.10187 1.24411 1.01898
0.869226 0.729282 0.861579
1.0838 0.761066 0.84209
0.854846 0.646116 0.878545
0.903816 0.708764 0.912577
0.944517 0.711177 0.891781
0.922213 0.723014 0.927073
0.897768 0.657592 0.926042
1.12413 0.792862 0.960336
0.921326 0.734351 0.942963
0.966778 0.714884 0.88368
0.979153 0.708533 0.972295
0.993914 0.742938 0.973829
0.957963 0.835813 1.02225
0.937498 0.722678 0.946482
1.25392 1.18021 1.17987
0.954296 0.750452 0.915137
0.876312 0.672383 0.869967
0.963273 0.690515 0.891224
1.06293 0.78929 0.95051
1.07265 0.962796 1.05411
0.963309 0.712247 0.955982
0.976509 0.692166 1.07371
0.961463 0.74256 0.926185
1.00492 0.755654 0.985753
1.12882 0.650302 0.976937
0.967723 0.772809 0.950031
0.939025 0.643532 0.972223
1.22188 1.13289 1.17179
1.61053 1.46593 1.39234
1.09897 0.946532 0.942045
0.918052 0.831035 0.962864
0.865234 0.712818 0.884378
0.958854 0.799378 0.8413
0.916962 0.844341 0.883607
1.0246 1.00835 1.03129
0.860682 0.937633 1.05883
1.01207 0.962931 0.847463
0.866363 0.755543 1.04058
0.83933 0.740984 0.939873
0.843348 0.783077 0.776704
0.858417 0.792989 0.903939
0.875695 1.07698 0.771576
0.758102 0.882288 0.80232
1.02235 1.36798 0.977729
0.848222 0.943088 0.723507
0.785775 0.781423 0.718069
0.772656 0.858116 0.80681
0.751967 0.733907 0.715272
0.730838 0.752207 0.784251
0.939235 1.17432 0.933828
0.749616 0.742708 0.709354
0.841356 0.8173 0.780228
0.757628 1.29491 0.743463
0.801067 0.724777 0.714779
0.858901 0.738323 0.730572
0.79569 0.722538 0.738709
0.782639 0.820708 0.925576
0.779633 0.753557 0.761032
0.813542 0.724538 0.807937
1.00264 0.713901 0.788887
0.991304 0.723797 0.78516
0.878872 0.660531 0.831743
0.922717 0.765596 0.865004
0.901857 0.767499 0.86437
1.06266 0.806629 0.841004
0.973647 0.770627 0.938214
0.862891 0.675778 0.823948
0.902164 0.716073 0.861508
0.951095 0.881832 0.873345
0.958603 0.67296 0.863041
0.853957 0.652606 0.895226
0.907577 0.695551 0.955658
0.92537 0.730375 0.864457
1.14655 0.760424 0.861307
0.924033 0.890459 0.966988
0.943132 0.7139 0.896686
1.01734 0.717495 0.923099
1.22758 0.676614 0.908116
0.972421 0.903076 0.987236
1.00282 0.72935 0.993801
0.990251 0.79651 0.954542
1.01882 0.807814 0.96787
1.25619 1.16996 1.21189
1.03632 0.868782 1.04664
1.21872 1.00043 1.08668
1.03037 0.74064 0.952161
1.03458 0.997304 1.05021
0.957819 0.739753 0.939043
1.12609 0.834276 0.971575
0.973366 0.761491 1.1395
1.13773 1.02446 1.23548
0.955376 0.749742 0.947843
0.94022 0.727336 0.877731
0.963147 0.890882 0.897426
0.893463 0.762088 0.85878
0.902405 0.751853 0.876303
0.886211 1.03784 0.847343
1.091 1.2046 1.09441
1.13467 0.965064 0.812099
0.83709 0.753309 0.814159
0.845215 0.736747 0.808152
0.85372 0.774887 0.847934
0.922848 0.718584 0.858492
0.865014 0.749912 0.820514
1.0294 0.754011 0.856953
0.828653 0.72451 0.843464
0.891215 0.739546 0.853006
0.99385 0.776817 0.870547
0.893837 0.722415 0.860227
0.858362 0.739759 0.894356
1.13385 1.18938 1.14703
0.95583 0.784908 0.919089
0.985714 0.742011 0.950395
0.976166 0.6914 0.888385
0.95576 0.735406 0.940226
0.966324 0.667576 0.931263
1.1284 0.785899 0.99212
0.970988 0.74591 1.01984
1.0186 0.663799 0.890567
0.91751 0.673968 0.945294
0.913517 0.703996 0.903636
1.00393 0.664005 0.966591
0.983536 0.75409 0.945357
1.00559 0.740422 0.944323
0.983962 0.796977 0.947677
0.938597 0.659429 0.947953
0.962745 0.700256 0.941995
0.971575 0.730536 1.16312
0.953215 0.739242 0.905626
0.932058 0.765397 0.895781
1.23321 1.43311 1.10371
0.911754 0.693784 0.837652
0.861491 0.71846 0.834547
0.837582 0.720822 0.807722
0.830857 0.661346 0.815722
0.807383 0.844528 0.811715
0.843589 0.723497 0.766545
0.92251 0.728065 0.815156
0.828974 0.717856 0.816234
0.80814 0.882148 0.844169
0.791532 0.757295 0.761637
0.84111 0.761785 0.775858
0.78455 0.716695 0.748949
0.808022 0.716818 0.712017
0.986615 1.05967 0.955591
0.820962 0.693178 0.753218
0.756031 0.731901 0.729479
0.774953 0.720757 0.747414
0.76718 0.711183 0.753901
0.973955 0.740249 0.762386
0.776953 0.96085 0.799479
0.821563 0.713413 0.773584
0.794225 0.68192 0.835077
0.945092 0.839766 0.824935
0.74673 0.644487 0.754808
0.84093 0.710503 0.822085
0.861895 0.672507 0.862768
0.883234 0.79707 0.867303
0.931241 0.758005 0.931681
0.943218 0.778659 0.905056
0.938025 0.721977 0.922542
0.961857 0.712539 0.901257
0.982568 0.715862 0.972119
0.951941 0.846197 0.981975
0.977348 0.824547 1.03442
0.998771 0.713934 0.907774
1.19922 1.15786 1.15181
0.907117 0.737645 0.865539
0.86596 0.81853 0.797891
0.903673 0.687575 0.787775
0.830924 0.727306 0.824474
0.839922 0.748269 0.838493
0.837085 0.739695 0.933026
0.855874 0.709411 0.826066
0.829379 0.719734 0.805076
0.967392 0.71804 0.793139
0.87269 0.808699 0.822538
0.980384 0.650844 0.797657
0.801155 0.709761 0.772217
0.853495 0.71583 0.774613
0.818501 0.809596 0.772808
0.879766 0.727946 0.781813
0.889052 0.837198 0.861503
0.796767 0.761306 0.944334
1.16295 1.63596 1.29919
0.772697 0.712372 0.749303
0.730585 0.66175 0.772447
0.761638 0.708659 0.746544
0.729208 0.67849 0.737174
0.786603 0.742401 0.762361
0.740004 0.717957 0.748573
0.763985 0.667202 0.687583
0.855378 0.821704 0.713135
0.691178 0.741295 0.663127
0.70805 0.740665 0.732296
0.778594 0.751222 0.637795
0.627356 0.639144 0.629799
0.62285 0.708602 0.611529
0.617671 0.769877 0.620958
0.653099 0.699928 0.537083
0.608396 0.785129 0.580813
0.726348 0.968543 0.554526
0.569865 0.828445 0.643596
0.765207 0.806419 0.55633
0.711906 0.831612 0.65122
0.586489 0.730025 0.54649
0.587061 0.7258 0.594817
0.599404 0.71433 0.58002
0.606286 0.714732 0.605524
0.658024 0.771593 0.624238
0.615933 0.650343 0.594237
0.634976 0.706756 0.620716
0.638393 0.721324 0.627786
0.828811 0.904891 0.811023
0.743619 0.796517 0.711834
0.903635 0.803568 0.658278
0.730761 0.744452 0.653973
0.732749 0.751724 0.718435
0.76661 0.862756 0.699636
0.743738 0.74417 0.730769
0.809078 0.772314 0.733456
0.753088 0.651812 0.712736
0.784745 0.712038 0.787529
0.837617 0.70847 0.775858
0.832536 0.710375 0.799799
1.01813 0.805597 0.806304
0.899402 0.718331 0.841375
0.967038 0.746354 0.858143
0.936502 0.740052 0.924013
1.07065 0.714019 0.884819
0.997144 0.823105 0.991846
0.991128 0.746392 0.971468
0.999335 0.755813 0.970774
0.985759 0.704617 0.980166
1.03208 0.826081 0.988587
1.05193 0.814005 1.01726
1.07146 0.790641 1.0155
1.05235 0.745296 1.03743
1.05882 0.815201 1.05234
1.09201 0.715447 1.0336
0.991567 0.661566 0.975551
1.08323 0.720296 1.03702
1.10768 0.713543 1.06058
1.14278 0.76239 1.11838
1.17784 0.716744 1.08082
1.1263 0.715791 1.06939
1.12636 0.763374 1.23138
1.14748 0.741498 1.09493
1.11868 0.718613 1.09786
1.23165 0.740635 1.12981
1.06734 0.653176 1.068
1.17723 0.808482 1.15568
1.12252 0.742213 1.0894
1.12417 0.72197 1.10729
1.07247 0.654742 1.10922
1.06274 0.663063 1.10412
1.09138 0.68839 1.08733
1.09279 0.67711 1.11747
1.05564 0.666568 0.97786
1.1334 0.68804 1.04904
1.06879 0.670232 1.02367
1.07077 0.734821 1.02793
1.07795 0.723362 1.01451
1.09624 0.735285 1.01924
1.0138 0.654806 1.00378
1.04583 0.710821 0.993941
1.29185 0.829055 1.03169
1.00724 0.726094 0.986596
2.12801 1.39734 1.0195
0.99639 0.713921 1.15206
1.14027 0.807022 1.01404
1.57397 1.50838 1.49505
1.23132 0.835683 0.989395
1.01651 0.919461 1.07956
1.28203 1.19556 1.24321
0.984693 0.71821 0.929585
1.02476 0.931427 0.948595
1.17576 0.966266 0.989547
0.955496 0.751776 1.03852
1.01316 0.758005 0.957125
1.0048 0.842457 0.918677
0.890121 0.701927 0.904137
1.10397 0.66741 0.883289
0.964973 0.748081 0.90031
0.963233 0.677849 0.920443
0.960145 0.782782 0.85364
0.925231 0.729474 0.878765
0.947519 0.748453 0.909707
1.20996 1.20501 1.18297
1.01486 0.997908 0.903807
0.975778 1.06463 0.962832
0.967719 0.72043 0.936894
0.882321 0.72178 0.94604
1.03186 0.672504 0.9455
0.955359 0.737796 0.8465
0.951804 0.851883 0.897782
1.05363 0.76553 0.918942
0.954016 0.984612 1.00271
0.932408 0.718612 0.90067
1.59605 1.28524 1.19031
1.03887 0.812488 0.846307
0.940079 0.780913 0.979209
0.983276 0.808626 0.939935
0.928999 0.76938 0.898052
0.951898 0.710735 0.916337
1.03899 0.778489 0.942049
0.925041 0.749853 0.92893
0.992727 0.774587 0.937064
1.08548 0.895872 0.967446
0.999108 0.81821 0.943757
0.994933 0.812002 0.931887
1.05423 0.790058 0.971962
1.04397 0.752451 0.975476
1.03392 0.766649 1.0055
1.1033 0.742775 1.04377
1.02908 0.679102 0.968063
1.07886 0.757468 1.1186
1.37211 0.75039 1.03556
1.04773 0.733003 1.02281
1.0776 0.712393 1.03036
1.00087 0.719508 1.01246
1.10309 0.787401 1.06443
1.0934 0.713394 1.06381
1.12955 0.796842 1.07761
1.13277 0.655901 1.07444
1.29437 0.728761 1.16675
1.11749 0.711193 1.1749
1.17572 0.665221 1.04931
1.14591 0.73902 1.09454
1.23995 0.757483 1.16442
1.18681 0.971945 1.12108
1.14154 0.745094 1.04714
1.16537 0.9342 1.10216
1.18991 0.732527 1.1057
1.13068 0.841061 1.16307
1.18803 0.840076 1.15868
1.13966 0.714185 1.10463
1.15439 0.72482 1.17576
1.18956 0.733845 1.06947
1.1289 0.723357 1.07659
1.07968 0.657649 1.09817
1.36473 1.09502 1.36784
1.13462 0.727683 1.13006
1.11447 0.697118 0.986612
1.59997 1.27435 1.48925
1.48712 0.939061 1.32805
1.1142 0.725061 1.06386
1.11627 0.73246 1.02515
1.1194 0.720839 1.05757
1.49625 1.18668 1.165
1.11045 0.912863 1.07696
1.11002 0.672242 1.01963
1.08227 0.667505 1.09647
1.05293 0.675148 1.00899
1.09779 0.745238 1.06447
1.07868 0.720023 1.03208
1.01297 0.660775 1.06415
1.03192 0.663742 0.985528
1.08545 0.731768 1.07465
1.08638 0.736049 1.05635
1.09221 0.826338 1.06439
0.99048 0.716863 1.04997
1.00821 0.654725 0.973869
1.11773 0.685812 1.02505
1.12173 1.05014 1.10227
1.0156 0.709074 0.963752
1.09226 0.695696 1.05366
1.06114 0.753754 0.949006
1.18057 0.820887 0.99908
0.991821 0.702509 1.05772
0.968048 0.657388 0.976018
1.00157 0.838323 0.996406
0.98028 0.71912 0.959408
0.956187 0.692202 0.890672
1.03469 0.772689 0.928491
0.974397 0.747678 0.92815
0.958171 0.761181 0.940256
0.875981 0.731018 0.942164
0.943032 0.730579 0.913647
0.898232 0.717567 0.906341
1.13528 2.22313 1.84941
0.932982 0.795346 0.883874
1.16579 1.1637 1.09869
1.02388 0.790332 0.920153
0.976895 0.835177 0.926312
1.40797 1.44917 1.2582
1.11311 1.26597 0.966224
0.93796 0.766185 0.851795
0.955048 0.932007 1.13755
0.975028 0.726452 0.863106
0.951541 0.741417 0.931206
0.97446 0.727498 0.989971
1.11006 1.11667 0.969948
0.97102 0.774774 0.920419
0.978574 0.74663 0.909509
0.943436 0.739415 0.921723
0.984006 0.664771 0.919125
0.940393 0.70719 0.894827
0.965363 0.731651 0.95264
0.934687 0.898534 1.04147
1.02761 0.910581 0.967569
0.911631 0.751919 0.89394
0.913692 0.759886 0.820042
0.897412 0.793707 0.868195
0.835807 0.769847 0.918634
0.823936 0.715352 0.781146
0.68434 0.700893 0.723638
0.794129 0.777584 0.737274
0.73161 0.751839 0.710974
0.757524 0.726888 0.716583
0.760104 0.775876 0.743186
1.00367 0.88552 0.871613
0.750161 0.709551 0.736299
0.920062 0.739673 0.710843
0.881565 0.685128 0.799511
0.866427 0.777161 0.795981
0.857737 0.749002 0.84214
0.829041 0.760161 0.804563
0.781703 0.688962 0.799305
0.851066 0.773802 0.802177
1.06441 1.16559 0.895075
0.95078 0.737118 0.786975
0.879155 0.885579 0.824675
0.883168 0.863681 0.821487
1.06641 0.738246 0.807638
0.891589 0.759404 0.894025
0.965661 0.766757 0.933234
1.04631 0.876169 0.9547
1.25486 0.910455 1.1296
0.947662 0.762762 0.946114
1.04527 0.84435 0.930742
1.11061 0.735249 0.940948
1.08058 0.737416 0.908111
1.0898 0.786267 0.901753
0.936845 0.706933 0.890674
1.17104 0.732718 0.915815
0.939235 0.741477 0.928588
1.01224 0.837453 0.996096
0.851713 0.681967 0.84701
0.981794 0.740936 0.831804
0.899752 0.73829 0.867013
1.09034 0.811552 0.882072
0.894325 0.713915 0.879707
0.913668 0.72622 0.895853
0.962288 0.680876 0.864603
0.988333 0.727412 0.941184
0.943058 0.658378 0.95614
0.969244 0.735887 0.950404
1.00008 0.72485 0.928757
0.966249 0.730771 0.956574
0.947923 0.7986 0.921479
0.955616 0.762381 0.915437
0.970952 0.727628 0.936776
0.951869 0.764146 0.925307
0.986091 0.725832 0.945833
0.99436 0.748624 0.972857
1.00651 0.680979 0.958577
1.70325 1.52325 2.01753
1.01379 0.734313 0.975721
1.02439 0.906253 0.993641
0.957417 0.662542 1.01275
1.05646 0.743683 0.989669
1.03187 0.733037 0.977949
1.0062 0.768327 0.954036
0.977315 0.743267 0.950687
1.30059 1.18218 1.23976
1.16032 0.731662 0.935801
0.996884 0.686633 0.948456
0.963688 0.73178 0.912415
1.0601 0.656557 0.929864
0.97249 0.720353 0.963835
0.898174 0.714747 0.864288
0.977137 0.734321 0.970112
0.967374 0.749148 0.926968
0.985997 0.893624 0.938126
1.00593 0.730959 0.943488
1.07303 0.956089 0.947175
1.06553 0.67771 0.817306
0.966287 0.893565 0.934098
0.947675 0.686365 0.771221
0.918221 0.911211 0.809362
2.08924 1.1225 1.09766
1.05951 1.014 1.051
0.920393 0.749261 0.851824
1.05274 1.26242 1.05937
0.946443 0.743898 0.86143
0.908186 0.74317 0.879609
0.982733 1.00296 1.02026
1.15903 1.13597 1.13978
0.938219 0.786908 0.976179
1.09868 0.782299 0.90468
0.953626 0.786385 0.904636
1.03441 0.794684 0.984682
0.961014 0.800109 0.950866
0.994914 0.737505 1.05723
0.991462 0.708836 0.954843
0.936134 0.662036 0.883955
0.938951 0.664967 0.913801
0.984243 0.860809 0.942139
0.920238 0.736737 0.87896
0.931851 0.729631 0.859971
0.980735 0.948046 1.06993
0.959986 0.761427 0.91954
1.01342 0.837165 0.969349
1.13078 1.09205 0.979078
0.993179 0.694279 0.957598
1.13657 0.812042 1.01894
0.966988 0.722669 0.882677
0.970612 0.697182 0.859889
0.969631 0.843047 0.915395
1.00183 0.684407 0.874141
1.04907 0.751324 0.904155
0.931541 0.724035 0.896825
0.926664 0.677371 0.907725
0.967123 0.958854 0.92511
0.954635 0.775051 0.927239
0.963344 0.664071 0.907664
0.983257 0.719711 0.948926
1.0405 0.80907 0.949686
1.26447 1.15629 1.20998
1.0196 0.731753 0.913349
0.963292 0.713961 0.936543
1.03797 0.774274 0.977232
1.09296 0.776439 1.03269
1.0937 0.75815 1.04461
1.36485 1.34125 1.30963
1.07677 0.807979 1.07935
1.4586 1.30228 1.25222
1.47568 1.24012 1.42059
1.14966 0.723829 1.09096
1.20431 1.06149 1.13536
1.13946 0.749014 1.36118
1.1981 0.839488 1.1378
1.18843 0.704904 1.09721
1.37792 1.1646 1.71413
1.30459 1.11726 1.5294
3.16009 1.56046 2.6831
1.34645 0.8677 1.3169
1.19719 0.874627 1.12162
1.24465 0.823974 1.10849
1.09951 0.754148 1.07147
1.11348 0.819406 1.06003
1.07717 0.798785 1.05216
1.11157 0.739239 1.04001
1.07087 0.735817 1.02158
1.16391 0.753867 0.948473
1.01553 0.925858 0.952237
0.958234 0.761749 0.915602
0.972927 0.748053 0.915644
1.04594 0.942 0.867146
0.904274 0.675139 0.858786
1.05605 0.835786 0.873962
1.02992 0.721211 0.874562
0.938064 0.810588 0.871595
1.06524 0.75245 0.937268
0.928547 0.7544 0.882206
0.931995 0.722708 0.902424
0.929339 0.760121 0.937286
1.08171 1.018 1.04146
0.928481 0.776207 1.06318
0.932147 0.684824 0.908298
0.96287 0.749911 0.918613
0.998927 0.881204 0.991958
0.967965 0.695321 0.917063
1.11097 0.790784 0.958821
1.07241 0.671334 0.91594
1.00778 0.76257 0.945552
0.998526 0.755893 0.930188
0.989138 0.750205 0.940232
1.02478 0.760668 0.953677
0.99046 0.698114 0.912775
0.898193 0.670501 0.936378
0.933025 0.788475 0.928605
1.03078 0.750503 0.882594
0.90879 0.760351 0.917211
0.988219 1.16599 1.0633
0.884469 0.844895 0.877928
0.897553 0.763643 0.870743
1.01409 0.703564 0.845383
0.992563 0.741166 0.865421
0.946358 0.968473 0.837134
0.880325 0.724341 0.831887
0.862536 0.920756 0.919496
0.855366 0.83172 0.8251
0.838811 0.727377 0.820787
0.84637 0.774071 0.799304
0.836987 0.800641 0.828262
0.812765 0.811042 0.78682
0.892615 1.01685 0.849032
0.859169 0.766842 0.786753
0.946022 0.788676 0.774185
0.775256 0.721283 0.765003
0.799409 0.720696 0.753618
0.835137 0.695263 0.73763
0.895545 0.806355 0.820547
0.820132 0.740869 0.778855
0.909579 0.756213 0.768538
0.84398 0.740667 0.798217
1.01737 1.13845 0.900772
0.849668 0.739044 0.848477
0.911555 0.834576 0.858707
1.08892 1.24331 1.0584
0.874839 0.730386 0.866632
1.01366 0.723059 0.890806
0.90573 0.671351 0.887957
0.947147 0.760663 0.903085
0.987397 0.749236 0.893381
0.961262 0.81072 0.960342
1.047 1.17956 1.20664
1.0246 0.74865 0.955996
1.08258 0.786813 0.95359
0.96763 0.755171 0.959126
0.979802 0.734295 0.962411
0.990477 0.799373 0.947084
0.962193 0.677786 0.928191
0.978993 0.714236 1.01511
0.989833 0.669286 0.895822
0.976317 0.937697 0.997329
0.987091 0.688706 0.992411
1.01261 0.658456 1.01694
1.04988 0.666464 0.975974
1.05677 0.657124 1.06759
1.09969 0.698183 1.02069
1.11932 0.714886 1.07321
1.38204 1.16761 1.33046
1.1168 0.74683 1.05671
1.12624 0.656074 1.10535
1.17415 0.769182 1.06104
1.18679 0.761644 1.15697
1.18707 0.715759 1.16498
1.19524 0.89009 1.06255
1.09863 0.751314 1.19822
1.16446 0.777907 1.06452
1.21977 0.965393 1.36879
1.24022 0.734127 1.20553
1.19819 0.726529 1.12157
1.16615 0.745242 1.16087
1.29423 0.818311 1.21615
1.13481 0.747421 1.19931
1.16001 0.731548 1.04152
1.29497 0.868811 1.25019
1.54624 1.22049 1.47133
1.37049 0.919596 1.34301
2.98265 1.81729 2.45988
1.15585 0.790358 1.19324
1.07669 0.66813 1.18175
1.51679 1.00393 1.43224
1.13458 0.780681 1.09008
1.13848 0.749967 1.09349
1.17348 0.750856 1.09596
0.988988 0.697939 0.981873
1.09227 1.01435 1.16061
1.08318 0.748175 1.03906
1.13355 0.951607 1.08774
1.2516 0.852623 1.07362
1.08926 0.923649 1.02429
1.09146 0.694224 1.01984
1.07068 0.751381 1.02339
1.36536 1.22346 1.36152
1.07402 0.823982 1.09254
1.39607 1.2132 1.08982
1.0771 1.1743 1.44855
1.11404 0.753332 1.11008
1.23924 0.850138 1.06335
1.12977 0.763989 1.05406
1.20231 0.77964 1.07628
1.0104 0.693352 1.10326
1.12936 0.770109 1.09242
1.11461 0.749941 1.08721
1.12824 0.894422 1.09884
1.08122 0.686485 1.09092
1.05692 0.686247 1.00528
1.11586 0.813595 1.07561
1.10653 0.694813 1.07431
1.12575 0.78056 1.07719
1.17643 0.745789 1.02462
1.01764 0.672611 1.05795
1.09178 0.744712 1.09374
1.08871 0.674523 1.05242
1.05644 0.72714 1.10813
1.09478 0.975234 0.979461
1.04989 0.683963 1.01436
0.94209 0.663067 0.977899
0.931575 0.698535 0.915316
0.962394 0.736252 0.953183
0.904075 0.671042 0.878597
1.01495 0.740842 0.907841
0.881801 0.711098 0.896126
1.02836 0.838825 0.866879
0.920736 0.716973 0.793778
1.06021 0.912686 0.993649
0.896429 0.742811 0.862694
1.00506 0.712966 0.80146
0.80872 0.683076 0.879991
0.879025 0.699402 0.845384
0.871017 0.834935 0.889283
0.901791 0.760753 0.88562
0.883209 0.82936 0.829619
0.868713 0.733654 0.825174
1.02953 0.814336 0.847933
0.889632 0.762198 0.844746
0.84906 0.849664 0.790713
0.975722 0.847353 0.875153
0.911947 0.737099 0.867914
0.823807 0.697618 0.838272
0.911166 1.04257 0.897833
0.938581 0.930351 0.938688
0.878747 0.680868 0.899816
1.13297 0.979537 1.0081
0.967028 0.728955 0.865352
0.944489 0.669216 0.950641
0.973675 0.683382 0.944497
0.977746 0.686434 0.878469
1.0241 0.969996 0.882433
0.944766 0.678551 0.974427
1.03238 0.736083 0.909762
1.0296 0.725972 0.966373
1.09151 0.710848 0.996258
1.06219 0.753604 1.00609
1.02683 0.710544 1.0496
1.12294 0.759826 0.975881
1.10385 0.700233 1.03021
1.12942 0.717403 1.01508
1.01451 0.678186 0.99147
1.39186 1.05977 1.39566
1.09246 0.726574 1.01745
1.12321 0.737508 1.07891
1.10489 0.670813 1.17932
1.13143 0.658863 1.09447
1.12274 0.719869 1.06292
1.04397 0.914663 1.04483
1.07184 0.657757 1.01382
1.05556 0.665792 1.05295
1.0156 0.705745 1.06926
1.07708 0.717937 1.01877
1.0726 0.735195 1.01222
1.25333 0.985507 1.07687
0.993949 0.663531 1.00885
1.18768 0.696323 1.04007
1.15487 0.726796 0.982906
1.00572 0.663909 1.0087
1.01935 0.748762 0.951243
0.996752 0.697675 1.00814
1.02161 0.654307 0.971386
1.26262 1.05735 1.07712
1.05573 0.781025 0.986611
1.03814 0.737581 0.973969
1.03363 0.786302 1.00525
1.0408 0.737239 0.913736
0.941895 0.721948 0.935506
1.0466 0.680702 0.932733
0.937464 0.679768 0.891205
0.935336 0.717134 0.914912
0.997199 0.807623 0.918412
0.895268 0.748616 0.857415
0.925793 0.780836 0.890761
0.82552 0.696941 0.807952
0.945536 0.681315 0.838306
0.8857 0.697731 0.79615
0.931927 0.797996 0.775483
0.762828 0.661907 0.746983
1.02819 1.2653 0.966298
0.733172 0.741658 0.709882
0.741261 0.730971 0.689858
0.733944 0.74356 0.707039
0.839119 0.680989 0.6804
0.756821 0.742973 0.693781
0.827203 0.843657 0.650596
0.755429 0.802168 0.690473
0.919926 1.14649 0.866518
0.942136 1.13704 0.900445
0.801706 0.732322 0.745046
0.811219 0.783651 0.76463
0.831348 0.746358 0.790465
0.966371 1.14861 0.924277
0.752216 0.844182 0.708724
0.748685 0.754916 0.713173
0.747521 0.735064 0.724953
0.75325 0.775763 0.728104
0.757972 0.738506 0.754148
0.763848 0.99442 0.743997
0.747489 0.696441 0.692649
0.925661 1.06007 0.951582
0.758075 0.740386 0.730571
0.775814 0.737699 0.750098
0.778053 0.73621 0.748977
0.803696 0.924066 0.769505
0.880407 0.835674 0.804332
0.906453 0.763411 0.848678
0.861757 0.713904 0.869861
0.945718 0.757127 0.900508
0.963676 0.761928 0.914873
0.947656 0.735187 0.91071
1.00961 0.766797 1.00705
0.981107 0.743998 0.918627
0.950613 0.749174 0.896316
1.23982 0.697909 0.836409
0.908328 0.75632 0.87161
1.21351 0.911509 0.870187
0.940303 0.787606 0.857523
0.956877 0.785634 0.850771
0.886411 0.736216 0.841639
0.952214 0.757026 0.835297
0.9641 0.760629 0.850892
0.892217 1.00265 0.84402
0.877026 0.792512 0.84505
0.896836 0.790768 0.960684
0.892157 0.878625 0.838519
0.927138 0.730429 0.86378
1.24616 1.40966 1.10706
1.07088 1.26813 1.13181
1.94341 2.1029 1.91614
1.28428 0.756184 0.924879
0.985585 0.906185 0.982887
0.968275 0.723334 0.924101
1.0332 0.952533 0.973057
0.986833 0.731391 0.990266
1.01691 0.772932 0.945928
1.02021 0.692161 0.946544
0.996942 0.914202 0.965032
0.984864 0.733595 0.940047
1.0532 0.762285 1.00575
1.04701 0.797913 0.999983
1.02716 0.748644 1.17426
0.973709 0.712576 0.998169
1.01682 0.730487 0.999049
1.05926 0.747392 0.936616
1.05312 0.752933 0.993758
1.25184 0.887715 0.984864
0.95412 0.672368 0.905382
1.07301 0.988803 0.982428
1.02131 0.732935 0.953348
1.01196 0.723516 0.949285
1.09884 0.732328 0.913279
0.974603 0.680121 0.943654
0.938534 0.67941 0.949915
0.994361 0.755164 0.86928
1.11954 0.739652 0.939419
0.943262 0.691601 0.926006
0.975361 0.696974 0.913872
0.928406 0.779539 0.887469
0.940642 0.800675 0.854715
0.926715 0.75455 0.901489
0.985626 0.830598 0.900999
0.918197 0.741758 0.879965
0.897042 0.891651 0.878028
0.895406 0.716187 0.891847
0.887638 0.779674 0.873418
0.853633 0.918643 0.850592
0.887073 0.733839 0.853101
0.86344 0.750235 0.83351
0.856337 0.756022 0.827946
0.925558 0.772925 0.816141
0.833055 0.727363 0.825834
0.818977 0.744813 0.800657
0.892523 0.738299 0.808929
0.974597 0.65652 0.802651
0.823538 0.728936 0.813274
0.834655 0.718868 0.798364
0.843935 0.731193 0.811358
0.833705 0.675422 0.886053
0.895716 0.734424 0.82463
1.01562 0.746456 0.922103
0.840408 0.666431 0.855613
0.926032 0.676628 0.856064
0.920191 0.741235 0.841683
1.0945 1.09636 1.06308
0.865764 0.728526 0.825042
0.856588 0.750289 0.852886
0.819283 0.675402 0.791942
0.969847 0.858314 0.829875
0.962824 0.777728 0.881601
0.939076 0.694969 0.889538
0.97915 0.701404 0.88597
0.984166 0.764188 0.980183
1.31358 0.765645 0.982488
1.0254 0.865455 0.96744
1.22726 1.18886 1.23568
1.0554 0.793418 1.06069
1.40776 1.00773 1.3135
1.00628 1.07105 0.95569
1.21035 0.921904 0.994127
1.16044 1.02483 0.951604
0.952293 0.692859 0.9257
1.26075 0.872911 0.920998
0.994212 0.785283 0.898528
0.885111 0.675268 0.849874
1.00997 0.756121 0.909022
0.846292 0.762043 0.869081
0.848246 0.677724 0.794083
0.811392 0.816049 0.786968
0.804067 0.82329 0.778157
0.798426 0.736022 1.85597
0.841333 0.809181 0.876878
0.829892 0.799596 0.750115
0.95381 0.808924 0.807752
0.800684 0.742119 0.828404
0.880641 0.782229 0.788214
0.825355 0.754555 0.806922
0.932187 0.996363 0.808781
1.12061 1.16403 0.834953
0.869603 0.753844 0.819429
0.900773 0.77807 0.850022
0.959388 0.816678 0.861052
0.920432 0.720592 0.89567
0.905783 0.734242 0.894135
0.856233 0.717295 0.888538
0.937368 0.760898 0.880324
1.24973 1.19044 1.13339
0.954159 0.894492 0.921571
0.991883 0.742358 0.941629
1.03393 0.759972 0.932222
0.995962 0.742401 0.946447
1.01854 0.748402 0.973668
1.18018 1.01743 1.24882
1.03825 0.837132 1.04516
0.990139 0.767659 1.13103
0.981495 1.0168 1.087
0.96354 0.68986 0.934105
0.934967 0.758582 0.871198
0.934086 0.743026 0.880594
0.971451 0.720114 0.911842
1.17966 0.805823 0.88777
1.01934 0.812305 0.880554
0.963082 0.738005 0.89162
0.994875 0.738238 0.877084
1.00556 0.751029 0.89415
0.928813 0.694243 0.845127
0.934438 0.74222 0.908601
0.980009 0.80743 0.920889
1.34762 1.68798 1.07413
1.12526 0.849342 0.98486
0.984072 0.744544 0.914606
1.07579 0.805433 0.943944
0.975908 0.739285 0.951895
0.878238 0.767864 0.96208
0.950376 0.746102 0.907483
0.929016 0.918278 0.862603
0.964584 0.739264 0.913908
1.15001 1.13865 1.00091
0.83793 0.690435 0.895777
0.934988 0.739411 0.98587
0.935221 0.743954 0.891137
0.888542 0.677883 0.887009
0.936159 0.736067 0.851349
0.91427 0.934377 0.879462
0.950009 0.76448 0.958947
0.90013 0.669525 0.861274
0.89528 0.69911 0.826731
0.954736 0.763452 0.867165
0.917749 0.683839 0.889894
0.890639 0.851786 0.933175
0.983088 0.705874 0.921206
0.946703 0.745734 0.904076
0.999301 0.827002 0.902684
0.892518 0.69448 0.906568
0.954863 0.836759 0.890582
0.943258 0.706507 0.931315
1.08628 0.670031 0.881879
1.08303 0.750761 0.929116
0.931314 0.679755 0.938331
1.02322 0.733303 0.917555
0.975228 0.744824 0.899689
0.95791 0.741704 0.88346
0.960973 0.754129 0.903548
0.929736 0.771783 0.899989
0.929884 0.813124 0.88336
1.24203 1.29315 1.16869
1.47434 1.28332 1.42931
0.86984 0.745105 0.842719
0.850958 0.736411 0.780102
0.812113 0.7444 0.831336
0.760638 0.770678 0.728171
0.727296 0.742157 0.707128
0.755273 0.735955 0.726614
0.743253 0.736019 0.702701
0.676929 0.739765 0.653399
0.765923 0.975132 0.777681
0.664595 0.725164 0.652813
0.680787 0.7418 0.653848
0.723506 1.08187 0.645
0.666665 0.729763 0.637691
0.740162 0.787476 0.717862
0.674511 0.730331 0.637352
0.673817 0.719497 0.663799
0.700172 0.759421 0.662172
0.802745 0.826353 0.64147
0.699605 0.749537 0.677134
0.728143 0.7721 0.723775
0.736046 0.679288 0.712541
0.981248 1.26629 0.746821
0.687878 0.664975 0.720411
0.801855 0.727362 0.73951
0.848702 0.859591 0.831971
0.862593 0.870772 0.788705
0.864037 0.756442 0.799949
0.960595 0.84398 0.794203
0.845849 0.755497 0.810102
0.875333 0.732417 0.821408
0.834289 0.684743 1.02516
0.907751 0.730948 0.827414
0.92328 0.745414 0.875226
0.918746 0.757662 1.0071
0.964453 0.757488 0.85375
0.896442 0.695159 0.897636
1.28364 1.08439 1.17649
0.951829 0.749222 0.923408
1.13513 0.867771 0.954028
0.995089 0.753879 0.979652
0.981254 0.76347 0.988135
1.02861 0.786421 0.953622
1.05008 1.12637 0.960764
1.0103 0.767835 0.96051
1.08393 0.727762 0.961793
1.02381 0.803018 0.998332
1.00237 0.770813 0.97315
1.03022 0.743207 0.963466
1.02463 0.988519 1.04763
1.02928 0.869868 0.968114
1.03253 0.757859 0.967388
1.76029 1.57287 1.29026
1.03992 0.740538 0.951803
1.05854 0.838301 1.01188
1.08348 0.772545 1.03297
1.07666 0.763975 1.02474
1.14788 0.766341 0.970322
1.11798 0.747517 1.05307
1.09557 0.703842 0.98708
1.13264 0.745208 1.09234
1.12413 0.752494 1.01686
1.12208 1.12516 1.14538
1.11539 0.742802 0.999903
1.10493 0.752311 1.06067
1.04403 0.690024 1.03793
1.12391 0.716385 1.10094
1.11921 0.720574 1.1075
1.45827 1.13686 1.36881
1.39257 1.4777 1.42606
1.18412 0.731788 1.0875
1.16628 0.788164 1.08717
1.48457 1.21109 1.42185
1.16392 0.735893 1.0878
1.14821 0.749729 1.09118
1.1615 0.728878 1.11016
1.19187 0.735388 1.14709
1.54381 1.15264 1.47765
1.15877 0.945306 1.14105
1.17568 0.726521 1.04867
1.55132 0.967557 1.19227
1.18835 0.71529 1.16288
1.19488 0.725296 1.13873
1.11514 0.678713 1.18395
1.23778 0.7071 1.17061
1.20703 0.726279 1.14944
1.21478 0.721072 1.10687
1.1714 0.7157 1.12894
1.19837 0.72385 1.16665
1.17521 0.685297 1.14708
1.18829 0.723978 1.1504
1.17446 0.913996 1.12764
1.2486 0.729082 1.13225
1.26635 0.720221 1.1302
1.25303 0.73019 1.17224
1.18795 0.734064 1.17623
1.18043 0.804006 1.14049
1.11499 0.680045 1.14392
1.18267 1.04969 1.13906
1.53301 1.20867 1.4733
1.19185 0.699193 1.12736
1.60387 1.06624 1.4443
1.16493 0.73388 1.1337
1.13015 0.690286 1.13856
1.27023 0.731845 1.06275
1.10312 0.721331 1.03909
1.01704 0.688279 0.940879
1.0815 0.736875 1.07514
1.34561 1.19931 1.22235
0.954224 0.696608 0.922206
1.00373 0.754372 0.956266
0.97322 0.772339 0.938995
1.00212 1.11237 0.891888
1.02604 0.794191 0.955843
1.15532 0.767024 0.955929
0.96244 0.780873 0.962053
1.23684 1.20815 1.20673
0.967713 0.753089 0.884986
0.936429 0.777686 0.916281
0.924244 0.75372 0.900164
0.957106 0.939974 0.912091
0.951733 0.82332 0.821944
0.974964 0.891005 0.977786
1.13826 1.2656 1.15322
1.37213 1.28141 1.14295
1.1037 0.769293 0.828228
1.26515 1.01978 1.01685
0.792638 0.764465 0.804642
0.853502 0.779711 0.814436
0.859078 0.841009 0.892139
1.01486 0.951019 0.896688
0.988927 1.32717 1.10058
0.83992 0.824922 0.882952
0.854132 1.15852 0.781968
0.789484 0.774573 0.741807
0.81406 0.756989 0.809515
0.787581 0.680478 0.740094
0.889782 0.913818 0.955564
0.835796 0.72965 0.77244
0.868356 0.744397 0.775331
0.974928 0.774434 0.773046
0.823075 0.775098 0.785431
0.920251 0.711673 0.807805
0.908701 0.685639 0.819217
0.912391 0.713275 0.805324
0.87113 0.786926 0.854752
0.870224 0.735218 0.841826
0.94775 0.806808 0.823458
0.968559 0.939489 0.8021
0.942893 0.762372 0.854554
0.868407 0.742279 0.847012
0.99318 0.777915 0.96611
1.00505 0.802877 0.986165
0.970765 0.727408 0.940314
1.01967 0.748171 0.949705
1.01269 0.695654 0.95976
1.12402 0.736351 0.970842
1.00151 0.792622 0.903712
1.06958 1.07693 0.96898
0.989387 0.702287 0.966157
1.06116 0.689256 1.06256
1.14922 0.799197 0.972386
1.03905 1.20805 0.987704
1.02503 0.782533 0.970307
1.10485 0.794149 0.959895
1.04714 0.775974 0.973159
1.02281 0.741859 0.982261
1.00283 0.795979 0.974252
1.0106 0.854989 0.984018
1.02924 1.00114 1.00158
1.0079 0.835595 0.906059
0.988114 0.934498 1.0629
1.0238 0.7355 0.927896
0.9764 0.779132 0.925713
0.980312 0.764012 0.913454
0.963981 0.8068 0.929656
0.973141 0.745344 0.96321
0.959733 0.727271 0.941556
1.00056 0.787291 0.903705
1.04627 0.888959 0.918311
0.979445 0.810015 0.912509
0.999621 0.82598 0.95794
1.08121 0.782397 0.895736
0.98551 0.772918 0.914726
0.962165 0.747459 0.929098
1.05851 0.769154 0.909128
0.894063 0.776102 0.899958
1.09883 0.822307 0.906531
0.956181 0.815839 0.874219
0.936112 0.781393 0.824087
0.921757 0.761643 0.833614
0.963144 0.742371 0.908833
0.987098 0.995982 0.879036
0.917332 0.809623 0.874866
0.89442 0.841274 0.88426
0.90894 0.783213 0.818122
0.776612 0.783883 0.754709
0.787771 0.760136 0.739029
0.876116 0.846411 0.686579
0.796066 0.830652 0.76338
0.794389 0.750361 0.670676
0.75514 0.776589 0.7586
0.789505 0.800571 0.755759
0.839619 0.827261 0.815041
0.836576 0.770829 0.77216
0.8427 0.715923 0.811508
0.854417 0.781446 0.843422
1.06473 0.783513 0.836821
0.852618 0.976757 1.00589
0.879509 0.785015 0.823067
1.05449 0.701368 0.815842
0.907149 0.768964 0.809833
0.913483 1.08921 0.835079
0.845151 0.7147 0.808777
0.923844 0.759624 0.873392
0.937414 0.697496 0.911381
0.893976 0.708419 0.912528
0.917751 0.729677 0.911763
0.896683 0.769746 0.83227
0.97663 0.772776 0.961876
1.09459 0.707804 0.925562
1.01297 0.693673 0.913821
0.945274 0.759961 0.880833
0.854172 0.72828 0.902163
0.882392 0.699748 0.906348
0.913198 0.786519 0.910218
0.871787 0.738243 0.833035
0.936774 0.795638 0.892439
0.973523 0.828801 0.89458
1.14805 0.811218 0.883219
0.865815 0.729602 0.847937
0.900358 0.737476 0.882527
0.922588 0.844021 0.914276
0.959208 0.807318 0.918468
1.09261 0.787078 0.994754
0.926587 0.703545 0.972721
1.25587 1.13832 0.910043
0.994812 1.00706 0.91491
0.96488 0.808406 0.950876
1.04215 0.733404 0.879139
0.99314 0.822824 0.960629
0.992646 0.905619 0.938383
0.978351 0.820739 0.941992
1.02536 0.786075 0.944879
1.02591 0.775824 0.923517
0.954709 0.719445 0.906505
1.03581 0.825002 1.01288
1.38478 1.30713 1.33693
1.03996 0.724039 1.00479
1.03665 0.792231 0.954068
0.917105 0.74367 0.905208
1.00804 0.788245 0.956196
1.03748 0.808013 0.956822
1.0186 0.792968 0.896636
1.01078 0.797054 0.876288
0.910464 0.758571 0.886814
1.01609 0.783057 0.928728
0.934087 0.725014 0.948406
1.2105 1.14088 1.23678
1.06774 0.788359 0.958601
0.887254 0.734917 0.952208
1.00292 0.803574 0.922769
1.01015 1.32591 0.940645
1.05849 0.703976 0.869503
0.930177 0.745855 0.84943
0.869465 0.738093 0.792305
0.960211 0.783228 0.836672
0.93844 0.839718 0.835855
0.946209 0.737055 0.814999
0.924734 0.853206 0.867349
1.06152 0.760153 0.922442
0.91885 0.758013 0.879779
0.925264 0.755507 0.877449
0.905443 0.76693 0.877921
0.934607 0.762685 0.861239
0.911813 0.751653 0.86526
0.964039 0.750245 0.839287
0.997039 0.754676 0.852432
1.01308 0.762479 0.920688
0.995292 0.686129 0.89619
1.07922 0.710928 0.92888
0.993979 0.753019 0.859747
0.942231 0.769866 0.839496
0.898876 0.706139 0.855241
1.17369 0.795829 0.900441
1.01233 0.749183 0.916788
0.997613 1.12428 1.05588
0.944601 0.737059 0.929975
1.17155 0.73724 0.92851
1.08449 0.826562 0.981308
0.92038 0.702347 0.909052
0.972492 0.756063 0.888643
1.06878 0.701092 0.901714
0.998847 0.79799 0.920456
0.966858 0.750711 0.929584
0.969545 0.742655 0.909142
1.2178 1.29447 1.24133
1.00282 0.714944 0.885471
0.983326 0.679767 0.913287
0.965803 0.736435 0.8603
0.9398 0.676996 0.896663
0.995832 0.676963 0.907533
1.04623 0.763498 0.972092
0.983784 0.755672 0.916506
1.01287 0.736935 0.976433
1.01794 0.713599 0.906702
1.04319 0.796556 0.960424
1.20046 0.763426 1.07225
1.13878 0.710721 1.02127
1.09715 0.802057 1.16047
1.18917 0.75272 1.09869
1.18201 0.783718 1.20589
1.20008 1.29805 1.13715
1.32889 0.897116 1.15575
1.26555 0.851227 1.17862
1.265 0.971611 1.1545
1.37085 0.910438 1.36881
1.18704 0.785802 1.12763
1.13137 0.716476 1.06786
1.13132 0.782661 1.0809
1.23914 0.839701 1.07869
1.10483 0.916538 1.10162
1.20825 0.890368 1.2137
1.07656 0.819405 1.11988
1.03768 0.792331 0.955592
0.913177 0.696188 0.940177
1.11764 0.782044 0.92749
1.00028 0.709351 0.952048
0.885832 0.705753 0.870705
0.91301 0.697188 0.841462
1.01869 0.764134 0.874109
0.946911 0.761797 0.865536
0.996472 0.711839 0.906731
0.97829 0.748697 0.921016
0.97721 0.758851 0.949053
0.937599 0.78229 0.934581
1.07978 0.778253 0.885546
0.968996 0.791522 0.923453
0.94902 0.770004 0.876379
1.08999 0.824142 0.946779
0.915032 0.686784 0.893899
0.935362 0.686384 0.893979
0.969987 0.729319 0.931534
0.966809 0.76652 0.899214
1.0517 0.915732 1.00312
0.980711 0.958171 0.871997
0.972898 0.751355 0.910566
0.989255 0.725677 0.873377
1.01007 1.02864 0.923928
0.962437 0.73974 0.898645
1.14785 0.805792 0.89493
0.966037 0.746892 0.966211
0.962654 0.805533 0.924453
0.938101 0.763413 0.822321
0.917361 0.699244 0.885323
0.836512 0.674238 0.860996
0.882544 0.69501 0.846447
1.08995 0.796316 0.972301
1.3216 1.57509 1.31947
1.15614 0.833537 0.846426
0.997335 1.08193 0.888352
1.11788 1.22976 0.791044
0.817823 1.40289 0.787285
0.902812 0.838248 0.786593
0.852055 0.759598 0.742562
0.820157 0.791437 0.775389
0.881218 0.744124 0.767524
0.81305 0.801288 0.758174
0.815935 0.817182 0.769901
2.2571 2.09636 0.763878
0.772702 0.701702 0.738357
0.851197 0.777054 0.784381
0.967882 0.781373 0.798996
1.03869 0.688902 0.807817
0.892 0.751015 0.786371
0.882037 0.763582 0.824336
0.929087 0.762295 0.805563
0.894599 0.754008 0.843489
0.927173 0.759315 0.8342
1.16849 1.22072 1.1525
0.988654 0.782047 0.892708
1.01346 0.778372 0.924893
1.00273 0.791852 1.11627
0.977282 0.756958 0.911009
0.991481 0.767422 0.933796
1.00868 0.729839 0.968892
0.982521 0.77895 1.14688
0.964506 0.704061 0.868362
1.04805 0.749837 0.94177
0.987392 0.84731 0.959048
0.981832 0.740695 0.924078
1.02365 0.769824 0.965202
0.929768 0.683747 0.963184
1.05916 0.860488 0.98915
1.423 1.24673 1.26447
1.24512 1.05725 1.03149
1.12869 0.843086 1.08802
1.4374 1.27629 1.38288
1.39054 0.947151 1.10122
3.00679 1.727 2.48059
1.50725 1.13211 1.08405
1.48745 1.37136 1.43374
1.15679 0.865022 1.04671
2.49363 1.57635 1.98819
1.83359 1.30692 1.93766
2.40573 1.59196 2.01901
1.1231 0.749855 0.991091
1.14043 0.666832 1.2736
1.15773 0.771344 1.08727
1.27608 0.850293 1.16585
1.16368 0.792517 1.10328
1.22998 0.823602 1.1699
1.1836 1.35436 1.12884
1.16521 0.733978 1.12797
1.13757 0.686023 1.1607
1.20759 1.07727 1.42229
1.18847 0.75681 1.16412
1.23768 0.745943 1.18634
1.22134 0.725681 1.125
1.13095 0.872811 1.14979
1.23635 0.784492 1.1994
1.22388 0.674645 1.19944
1.24833 0.737057 1.20974
1.3475 0.760798 1.22292
1.31897 0.856983 1.24364
1.27388 0.76032 1.23419
1.25399 0.857358 1.24771
1.26635 0.744278 1.22678
1.25338 0.752468 1.20787
1.25604 0.746406 1.18482
1.27608 0.760417 1.21242
1.38939 1.1081 1.24028
1.32603 0.761965 1.2243
1.15029 0.698377 1.12689
1.14993 0.766962 1.11972
1.15834 0.665259 1.2912
1.19684 0.750881 1.09608
1.09639 0.759186 1.12847
1.17289 0.693934 1.1339
1.18794 0.834499 1.16658
1.15313 0.721491 1.1129
1.14756 0.746341 1.08019
1.1057 0.691421 1.02702
1.07706 0.778869 1.03256
1.01713 0.71651 1.00063
1.035 0.790982 0.97326
0.995552 0.760666 0.904182
1.23672 1.24491 1.19323
0.935053 0.763745 1.05545
1.33679 1.9667 1.16468
1.24223 1.06854 1.25503
1.2815 1.11583 1.11149
1.04306 1.00322 0.85916
1.58232 1.40524 1.37189
0.882589 0.780082 0.870565
0.945129 0.864573 0.992017
0.848899 0.789017 0.81702
0.852032 0.800413 0.844634
0.818805 0.788378 0.824912
0.845866 0.854932 0.861941
0.839799 0.857425 0.834839
0.91969 0.787883 0.797449
1.00647 1.62706 1.01869
0.873897 0.901583 0.788924
0.836581 0.749976 0.777661
0.839619 0.759335 0.748453
0.78902 0.765811 0.784751
0.799571 0.754403 0.741485
0.779608 0.944467 0.735726
0.80763 0.749666 0.766623
0.802951 0.848313 0.744587
0.783856 0.807608 0.733762
0.77921 0.762889 0.747173
1.11251 1.29562 1.02138
0.780706 0.776837 0.837992
1.2551 1.12962 0.991127
0.904509 0.806737 0.847289
0.918219 0.778784 0.857962
0.93702 0.811905 0.89669
0.967373 1.04195 1.06409
1.0174 0.860776 0.930682
0.92666 0.785263 0.913534
0.928041 0.763513 0.862825
0.840137 0.772961 0.797709
1.15149 1.28782 1.1013
0.991138 1.09729 0.925627
0.973197 1.08525 1.02151
0.931577 0.76208 0.928993
1.06004 1.15659 0.977647
0.986966 0.701625 0.842666
0.960649 0.786859 0.929221
1.07032 0.892909 1.01732
1.13389 1.34246 1.21844
0.914651 0.998345 0.907576
1.11218 1.03562 0.981041
0.887761 0.764291 0.816411
0.833218 0.822046 0.794057
0.877319 0.980937 0.822339
0.852642 0.779346 0.791517
0.82525 0.738529 0.791098
0.831672 0.973008 0.793017
0.874735 0.809764 0.797432
0.946721 0.757854 0.817887
0.948012 0.743486 0.835209
0.938878 0.780723 0.882754
0.976156 0.759386 0.848863
0.873807 0.721112 0.910872
0.932908 0.869895 0.883864
0.989233 0.713704 0.869043
1.0043 0.759636 0.92537
0.904622 0.752984 0.900746
0.957872 0.8361 1.18287
1.9612 2.64985 1.62557
1.47009 1.52534 1.4679
1.06898 0.84423 0.970695
1.17561 1.25377 1.10513
0.924461 0.749302 0.869846
0.901839 0.743889 0.869795
0.879993 0.699446 0.862493
0.891661 0.738385 0.845924
0.891086 0.76354 0.819531
0.897597 0.793795 0.782806
0.811384 0.849517 0.750745
0.930455 0.773153 0.760252
0.871349 0.80353 0.922845
0.902061 0.769178 0.768998
0.75999 0.912207 0.718374
0.771531 0.754038 0.734908
0.770738 0.744876 0.732658
0.775752 0.768087 0.739024
0.829255 0.836813 0.749065
0.902238 0.795468 0.855824
0.834539 0.75445 0.766059
0.999991 0.800916 0.76084
0.983657 0.912987 0.869089
0.899633 0.76415 0.868909
0.949088 0.915456 0.881739
1.09585 0.887434 0.999693
0.97237 0.752822 0.917663
1.00072 0.78085 0.94738
0.995555 0.767083 0.905946
0.97607 0.704099 0.919062
0.962036 0.761594 0.916575
1.01189 0.746859 0.974449
0.930527 0.689731 0.938643
1.0036 0.744537 0.912879
0.945412 0.805096 0.904671
0.948287 0.968606 0.861667
0.931552 0.780325 0.865607
0.826147 0.691976 0.854355
0.947484 0.707068 0.852436
0.935736 0.719221 0.842455
0.832407 0.689626 0.804467
0.810925 0.770556 0.79043
0.771848 0.685573 0.738615
0.835784 0.964682 0.896198
0.877939 0.980782 0.812113
0.772287 0.693132 0.722119
0.927802 0.80767 0.753584
0.842444 0.771596 0.820075
0.859058 0.760167 0.80163
0.928125 0.745566 0.890692
0.956562 1.30207 0.821196
0.875537 0.684794 0.885267
0.948484 0.924025 1.06845
0.955202 0.740116 0.88697
1.11927 0.90678 0.996271
0.826391 0.749024 0.887655
0.921047 0.701134 0.899852
0.890372 0.829735 0.840685
0.897377 0.778035 0.834745
0.944905 0.842096 0.87293
1.11657 1.13241 1.07175
1.02029 0.908798 0.90149
0.964494 1.12629 0.88453
0.856524 0.727135 0.907098
0.848193 0.670606 0.827974
0.867549 0.732587 0.800271
0.855162 0.735622 0.78734
0.867098 0.686604 0.795698
0.919368 0.732444 0.748211
0.84525 0.843053 0.792244
0.891713 0.737527 0.790877
0.817425 0.771385 0.770641
0.84037 0.666981 0.773974
0.824798 0.722098 0.772951
0.835542 0.728436 0.749011
0.819974 0.703909 0.785318
0.925527 0.795326 0.829737
0.955949 0.76833 0.812647
0.888118 0.685403 0.882196
1.12641 1.30802 1.08302
0.912725 0.74352 0.853907
1.06449 0.989698 1.07497
0.866408 0.855554 0.84105
1.17974 1.23492 1.17261
1.15412 1.18439 1.13168
1.15905 1.20859 1.12224
0.914619 0.753937 0.874052
0.880963 0.767387 0.873633
1.06012 1.30516 1.02739
0.76889 0.773485 0.735148
0.734237 0.760139 0.708378
0.7369 0.740108 0.683008
0.717888 0.741957 0.649417
0.728979 0.737949 0.691515
0.710228 0.749245 0.685544
0.718635 0.737846 0.676208
0.728264 0.726702 0.722558
0.741744 0.822375 0.693243
0.758416 0.746593 0.732119
0.771461 0.841678 0.752877
0.753563 1.31113 0.695775
0.752846 0.792454 0.701148
0.805335 0.777223 0.730935
0.79938 0.76823 0.74262
0.808562 0.784505 0.762274
0.790471 0.759117 0.744055
0.807221 0.762772 0.758188
0.824933 0.768898 0.822446
0.817821 0.776087 0.78088
0.825196 0.714258 0.831268
0.8528 0.769151 0.805667
0.869505 0.830554 0.856219
0.896075 0.779765 0.783182
0.842619 0.715497 0.862531
0.941649 0.76817 0.933372
0.966272 0.83693 0.920627
1.04739 0.783401 0.935306
0.996075 0.73188 0.913637
1.30082 1.19616 1.18935
0.965793 0.77955 0.929155
0.950284 0.790814 0.91812
0.923077 0.779193 0.905767
1.03678 0.888015 0.877986
1.11022 1.15813 1.15534
1.15884 1.24756 1.10378
1.12419 1.22239 1.09097
1.18692 1.32577 1.13007
0.876681 0.823557 0.899979
0.882015 0.767834 0.83957
0.852803 0.769513 0.895866
0.849747 0.933285 0.811618
0.833607 0.765692 0.803702
1.0824 1.08516 1.02687
0.824166 0.751733 0.797118
0.826481 0.772616 0.809632
0.823862 0.779685 0.790126
0.820187 0.759611 0.785212
0.782231 0.72424 0.798353
0.878874 0.792134 0.78488
0.884895 0.779023 0.789019
0.921495 0.80541 0.861637
1.13419 1.53451 1.01928
1.80741 1.61841 1.74581
1.12275 1.03017 1.03445
0.82032 0.818794 0.77274
0.861827 0.934116 0.785563
0.883075 0.776599 0.793012
0.842195 1.50983 0.983647
0.824804 0.794076 0.799602
0.825898 0.794532 0.788161
0.850082 1.37636 0.86338
0.85081 0.777689 0.822941
0.837006 0.839281 0.896022
0.903469 0.917479 0.984819
0.857519 1.0702 1.03494
0.874331 0.72613 0.860119
0.977458 0.846024 0.948705
0.930932 0.802764 0.852241
0.918642 0.786926 0.834853
0.886913 0.780942 0.79477
0.868438 0.767014 0.835324
1.18187 0.982751 0.975903
0.98584 0.784376 0.850005
1.02313 0.783273 0.8534
0.920828 0.789677 0.910036
0.915296 0.834554 0.875695
0.935165 0.806774 0.889112
0.917456 0.787643 0.917436
0.923896 0.817906 1.10533
1.10804 1.05379 0.900731
0.963198 0.991818 0.924865
0.953531 0.799572 0.891539
0.987603 0.78875 0.914956
0.974092 0.758099 0.919114
1.01049 0.776222 0.871631
1.0391 0.901131 0.982484
1.00284 1.01492 0.954577
1.03309 0.825535 0.993277
1.04672 0.955618 0.899378
1.01205 0.830513 0.9731
0.986084 0.935333 0.907782
0.957145 0.76753 0.986049
1.07407 0.855077 1.00437
0.999991 0.788606 0.960403
0.975574 0.751972 0.983756
1.05967 0.767344 0.983313
1.04611 0.823266 0.966936
0.999975 0.821608 0.873843
0.94678 0.809417 0.948657
1.0126 0.815412 0.951406
1.00386 0.793252 0.93205
1.00117 0.819874 0.927002
0.910679 0.731961 0.94815
1.00706 0.811361 0.952579
0.956175 0.72635 0.957291
1.11735 0.766093 0.963038
0.928485 0.735674 1.09709
1.00008 0.944656 0.954113
0.994166 0.904658 0.954081
1.0353 0.809125 0.931034
1.00893 1.235 0.94297
0.970053 0.719293 0.893273
0.940281 0.762662 0.897758
0.974818 0.745563 0.918737
0.933027 0.786267 0.871469
0.987753 0.718133 0.891128
0.88312 0.925815 0.860323
0.907582 0.77987 0.862962
1.00308 0.832818 0.846923
1.13358 1.19516 1.05675
0.992161 1.27521 0.818041
0.890139 0.812728 0.795722
0.898017 0.861371 0.758062
0.841719 0.79492 0.80599
0.811206 0.812707 0.746284
0.781076 0.713082 0.789417
0.931962 0.764968 0.826126
0.837382 0.711956 0.777504
0.894231 0.775613 0.829686
0.903751 0.750173 0.789033
0.93734 0.750856 0.875594
0.964839 0.787996 0.885707
0.946697 0.736629 0.876186
1.05388 0.771588 1.09544
1.01252 0.701008 0.840797
0.963303 0.776765 0.85108
0.844128 0.722479 0.883994
0.947046 0.785899 0.865602
0.946961 0.756124 0.81588
0.913418 0.79317 0.854138
0.955948 0.791997 0.82352
0.956594 0.784468 0.823853
0.944319 0.729918 0.858995
0.975082 0.759514 0.897642
0.900895 0.690013 0.935654
0.982769 0.807244 0.914518
0.965361 0.777218 0.959181
0.926655 0.706087 0.865086
0.946009 0.692835 0.915525
0.900752 0.710564 0.870169
0.973429 0.746104 0.846169
0.965289 0.783744 0.867446
1.04667 0.755193 0.854665
1.25094 0.92661 0.93557
1.26609 1.23583 1.27004
1.08266 0.757814 0.941546
1.07008 0.725226 0.970937
1.12958 0.756791 0.975921
1.01337 0.765398 1.15515
1.03697 0.756226 0.969784
1.07832 1.78708 0.987322
1.03702 0.76132 1.0161
1.19843 0.766321 1.03767
1.1681 0.882336 1.17963
1.10225 0.784851 1.00308
1.02572 0.753307 0.961433
1.04702 0.769779 1.07069
1.02333 0.723644 0.933204
1.09571 0.851185 1.1154
1.03951 0.716866 0.967419
1.09591 0.678781 0.996434
1.02428 0.692851 1.03309
1.05786 0.710162 1.04858
1.12006 0.738565 1.02176
1.10613 0.682281 1.13608
1.13878 0.734869 1.05624
1.12945 0.75205 1.04956
1.19062 0.750173 1.05761
1.12843 0.735074 1.04072
1.12486 0.928379 1.06478
1.05423 0.681896 0.993131
1.08609 0.702737 1.06095
1.14237 0.770077 1.05677
1.15434 0.800784 1.07276
1.0992 0.791894 1.09355
1.04659 0.711932 1.01029
1.09023 0.72849 0.953649
1.0289 0.70364 0.969306
1.01846 0.721479 0.993853
0.974244 0.869087 0.996165
1.02388 0.711284 0.958944
0.947414 0.693975 0.956444
1.01822 0.746748 0.940441
0.95242 0.713503 1.06276
1.00514 0.799024 0.937069
0.954987 0.702559 0.846255
1.02385 0.702231 0.88753
0.970189 0.752999 0.907339
1.00523 0.7266 0.894849
0.949745 0.757772 0.914771
0.991571 0.729773 0.919536
0.928555 0.697131 0.961816
1.01818 0.719847 0.976382
1.07369 0.800365 0.957719
1.04065 0.776337 0.958533
0.924974 0.771661 0.986605
1.01799 0.707547 0.976524
1.04321 0.908059 0.927912
1.0456 0.773073 1.00127
1.06869 0.787165 0.965227
1.06731 1.32881 1.06471
1.05315 0.769543 0.994824
1.05771 0.746323 1.00935
1.05347 0.750225 1.01008
1.07312 0.693589 0.9449
1.0487 0.762849 0.986496
1.04997 0.737989 0.98842
1.05429 0.786549 0.992859
1.10492 0.905342 1.0059
1.44668 1.3236 1.26256
1.05109 0.816037 0.977683
1.01803 0.785518 0.938402
1.03441 0.710841 0.943454
1.00119 0.92135 0.911841
1.01233 0.749611 0.96292
1.01212 0.718561 0.946245
0.994929 0.71533 0.968142
1.02287 0.731339 0.957682
0.978241 0.694357 0.911299
1.01154 0.775752 0.956725
0.957628 0.749954 1.07411
1.03841 0.711061 0.935839
1.04616 0.748957 0.98961
1.0205 0.754984 0.981206
1.07723 0.694831 1.01261
1.07978 0.872699 0.983369
1.06001 0.746965 0.972569
1.1014 0.774391 0.977737
1.02161 0.683975 1.00267
1.46779 1.30805 1.40741
1.67536 1.17817 1.24273
1.07058 0.718528 1.03688
1.02371 0.908003 1.09712
1.1137 0.707131 1.02927
1.05263 0.668656 1.01603
1.0965 0.731133 1.00631
1.0779 0.66769 1.03593
1.07108 0.73243 0.97083
1.03046 0.675489 1.04322
1.06885 0.663554 0.986023
1.11022 0.737235 1.02018
1.09911 0.76117 0.966072
1.06661 0.665935 0.95994
1.08929 0.665527 0.979668
1.05966 0.684359 1.03016
1.11151 0.756484 0.975194
1.13006 0.738332 0.980123
1.13959 0.784837 0.984716
1.02767 0.73193 0.98324
1.13837 0.791516 1.07595
1.13098 1.27992 1.05634
1.123 0.691099 0.957514
1.10853 0.750117 0.9634
1.03971 0.684672 1.02738
1.0535 0.723357 1.06921
1.09502 0.76541 0.97273
1.00617 0.92212 0.933989
1.02984 0.758401 0.962032
1.01121 0.751844 0.971874
1.12017 0.693454 0.951815
1.42139 1.25766 1.3433
1.03146 0.668566 0.954285
1.09106 0.739201 0.941367
1.03271 0.680945 1.02846
1.0516 0.667051 1.06878
1.1695 0.733058 0.998
1.0837 0.760307 0.972643
1.11272 0.899846 1.08934
1.09934 0.687464 1.11991
1.07635 0.686109 1.07849
1.08753 0.680082 1.03193
1.03921 0.699481 1.02608
1.19862 0.883189 1.03859
1.4468 0.960502 1.04414
1.0711 0.829012 0.983734
1.27821 1.06568 1.27238
1.05508 0.769765 1.03992
0.987778 0.718702 0.93115
1.07163 0.827088 0.929981
1.05058 0.736461 1.04855
1.0749 0.7841 1.00667
1.06622 0.926803 0.982664
1.00816 0.679172 1.0039
1.05757 0.750345 0.96923
0.973129 0.682066 0.915074
0.929935 0.699645 0.922991
1.02315 0.703215 0.971612
1.04669 0.74651 0.986322
1.05862 0.750354 0.922118
1.05364 0.714222 0.974563
1.02151 0.694397 0.921816
1.01668 0.666097 0.968225
0.994908 0.698016 0.983525
1.3734 0.90861 1.02403
1.07084 0.683994 1.02969
1.54624 1.12535 1.23213
1.35079 0.759506 1.084
1.19055 0.893223 1.08056
1.11626 0.774211 1.04247
1.08444 0.738262 1.05261
1.50867 2.2874 1.45361
1.13698 0.754798 1.13694
1.11813 0.748607 1.09617
1.27153 0.874284 1.09388
1.27751 0.835255 1.08266
1.19318 0.904286 1.05277
1.11964 0.776805 1.04192
1.12625 0.77705 0.977531
1.11541 0.77445 1.00183
1.12272 0.735039 1.03354
1.17449 0.80277 1.07793
1.15574 0.801216 1.0558
1.26371 0.775336 1.08311
1.12948 0.75352 1.06501
1.13959 0.71423 1.00442
1.19721 0.814822 1.06708
1.15981 0.76745 1.07997
1.20638 0.986231 1.14653
1.25515 0.773981 1.12762
1.21651 0.80602 1.13084
1.2039 0.8353 1.14304
1.12269 0.686924 1.13518
1.19021 0.68005 1.08374
1.2361 0.745859 1.15139
1.30163 0.706818 1.28296
1.31455 0.781499 1.10041
1.31031 0.86011 1.21033
1.48455 1.08413 1.45918
1.64692 0.760691 1.21184
1.87254 1.07648 1.50889
1.29677 0.729793 1.14374
1.31131 0.75706 1.26427
1.31544 0.736285 1.27795
1.29252 0.679915 1.28761
1.33686 0.785106 1.18636
1.42631 0.750853 1.17229
1.32124 0.774306 1.32804
1.22644 0.672877 1.27402
1.40761 0.753487 1.23496
1.35134 0.68565 1.2221
1.37053 0.762538 1.25302
1.38916 0.724772 1.3128
1.42432 0.792858 1.2511
1.41243 0.757659 1.24184
1.34249 0.697511 1.34445
1.33255 0.676619 1.31374
1.36507 0.734833 1.38096
1.29043 0.716612 1.33235
1.29853 0.691272 1.3469
1.396 0.714085 1.38813
1.45889 1.44648 1.40105
1.4003 0.750864 1.34992
1.40654 0.671297 1.26294
1.38395 0.66938 1.3658
1.4562 0.732574 1.3728
1.41331 0.723726 1.37079
1.55499 0.701999 1.35053
1.4383 0.835912 1.35805
1.44703 0.723664 1.27278
1.44241 0.8643 1.27489
1.29235 0.668831 1.3526
1.40997 0.718464 1.266
1.44955 0.713942 1.33501
1.37682 0.677511 1.31955
1.34305 0.703107 1.33619
1.33471 0.6745 1.26847
1.36152 0.664798 1.30553
1.3123 0.67349 1.23925
1.42816 0.688965 1.28904
1.37706 0.674788 1.30721
1.35309 0.67553 1.29547
1.39769 0.827501 1.21415
1.37444 0.726568 1.33737
1.49442 0.937542 1.35649
1.32034 0.682644 1.25852
1.34605 0.681079 1.31244
1.25505 0.731013 1.31924
1.31133 0.682194 1.24722
1.32092 0.663527 1.3409
1.33533 0.667686 1.2567
1.39397 0.762574 1.2157
1.44665 0.786928 1.36242
1.42643 0.815964 1.46084
1.83508 1.10627 1.70152
1.40519 0.751563 1.31123
1.37855 0.74027 1.31925
1.3371 0.6684 1.30577
1.36846 0.739381 1.21119
1.31493 0.845986 1.31782
1.31843 0.722158 1.23517
1.28637 0.728616 1.325
1.39822 0.76535 1.33726
1.40539 0.741984 1.31441
1.35227 0.710497 1.33275
1.2908 0.714192 1.27361
1.40078 0.762954 1.31827
1.25843 0.701793 1.29827
1.35103 0.770996 1.29029
1.34273 0.685494 1.25741
1.24471 0.686219 1.2509
1.3771 1.30533 1.29338
1.41885 0.68154 1.2622
1.43875 0.728335 1.32006
1.33165 0.67401 1.32061
1.2732 0.708794 1.25222
1.411 0.674072 1.43064
1.49369 0.757207 1.31191
1.30014 0.701105 1.33663
1.31549 0.668741 1.28484
1.32907 0.955245 1.20787
1.29694 0.68096 1.2093
1.31515 0.690352 1.29727
1.368 0.755359 1.29506
1.30146 0.811333 1.26265
1.31402 0.758947 1.14541
1.24619 0.686478 1.24836
1.25028 0.70027 1.22257
1.18787 0.764627 1.12418
1.2526 0.691354 1.2272
1.31868 0.700335 1.18331
1.29595 0.678185 1.22249
1.28063 0.749196 1.25586
1.26143 0.734413 1.10659
1.24909 0.745965 1.18894
1.26094 0.943404 1.10055
1.2446 0.748977 1.16284
1.21956 0.701307 1.15108
1.23548 0.784965 1.1657
1.21405 0.72543 1.16272
1.20451 0.787599 1.14715
1.12341 0.702535 1.10347
1.11278 0.875916 1.10024
1.16573 0.769781 1.10871
1.07292 0.69929 1.03751
1.22549 0.77225 1.00066
1.22774 0.745161 1.03647
1.17945 0.708768 1.07347
1.19241 0.762082 1.02947
1.19632 0.757352 1.09976
1.16246 0.813705 1.02785
1.13412 0.795326 1.05897
1.1129 0.92954 1.0432
1.15593 0.738086 1.03768
1.11864 0.817108 1.04384
1.13636 0.783198 1.04467
1.10671 0.76863 1.1271
1.16308 0.942658 0.965072
1.1382 0.794765 1.0445
0.986933 0.774938 1.04503
1.22723 0.944604 1.01297
1.09956 1.68115 0.937124
1.1 0.866132 1.03543
1.09436 0.772629 1.02626
1.1099 0.962244 1.03626
1.0443 1.77572 2.73648
0.955274 0.780655 1.01523
0.971058 0.848794 0.954592
1.01539 0.89784 0.957665
1.07244 0.923676 0.956163
1.03791 0.808707 0.908503
1.0352 0.836555 0.96771
0.967904 0.801187 0.884153
0.978633 0.775814 0.968995
0.979641 0.869404 0.945005
0.999104 0.901841 0.917184
0.91518 0.85853 0.892542
0.961398 0.875483 0.835978
0.936605 0.838036 0.901609
0.912853 0.845579 0.906369
0.989296 0.835629 0.907597
1.02468 0.929872 0.875387
0.976727 0.816531 0.931848
1.06115 0.896878 0.941831
1.01252 0.86649 0.893158
1.05309 0.921926 0.973785
1.05258 0.909002 0.910494
1.0705 0.835117 1.04322
0.990504 0.88193 1.01547
1.06574 0.816385 1.01588
1.04603 0.90986 0.988113
0.980708 0.839607 0.957788
1.04353 0.875421 0.904161
1.03705 1.04686 1.16904
1.05465 0.874237 0.935001
0.990497 1.09458 0.981972
0.964637 0.871489 0.949468
0.974652 0.801145 0.914679
1.01321 0.878565 0.945917
1.03273 0.910684 0.965074
1.06913 0.886985 0.952976
1.04385 0.844726 0.98097
1.04266 0.774267 0.950518
1.05792 0.849341 0.999916
1.0767 0.931805 1.01043
1.11993 0.858112 1.02904
1.00091 0.791249 1.05757
1.11882 0.866053 1.11097
1.09656 0.947094 1.04044
1.10886 0.877318 1.05024
1.02289 0.783032 1.01712
1.06895 1.35695 1.088
1.1224 0.699479 1.0157
1.09207 0.712232 1.0684
1.05006 0.712045 1.06132
1.11503 0.747377 1.06715
1.07567 0.73657 1.08303
1.15601 0.777899 1.05789
1.03525 0.759837 1.07055
1.07272 0.782869 1.03885
1.19172 0.799334 1.03479
1.06723 0.808976 1.07217
1.03464 0.735537 1.05392
1.09414 0.74602 0.961902
1.06966 0.822927 0.981389
1.10219 0.876669 0.99176
1.11566 0.875452 1.03952
1.04123 0.786964 0.965519
1.02821 0.793549 0.976657
1.13618 1.07938 0.994926
1.05894 0.833966 0.986268
1.07047 0.83053 0.998236
1.04359 0.786933 1.05614
1.08962 0.80333 1.00456
1.07042 0.945223 0.97965
1.0535 0.955586 1.15239
1.03961 0.770414 0.955653
1.06202 0.781699 1.04749
1.10491 0.797071 1.01383
1.125 0.813061 1.03386
1.17613 0.792893 1.08048
1.14642 0.74275 1.05652
1.16295 1.0089 1.07738
1.07517 0.761763 1.22615
1.15349 0.955652 1.09384
1.13628 0.744035 1.04882
1.11299 0.732534 1.08793
1.16051 0.722948 1.15155
1.23209 0.725281 1.1683
1.1662 0.729353 1.20362
1.21995 0.83313 1.1549
1.29167 0.7213 1.10107
1.24803 0.796871 1.12911
1.24841 0.712358 1.20579
1.26282 0.692366 1.15669
1.20188 0.671587 1.2363
1.31287 0.802492 1.14389
1.29842 0.678225 1.20364
1.28366 0.666131 1.2867
1.3867 0.722926 1.18811
1.33735 0.679113 1.25282
1.23635 1.35967 1.23907
1.29238 0.663291 1.28824
1.29595 0.662217 1.28708
1.27363 0.837353 1.22518
1.25188 0.717512 1.17552
1.40678 0.734395 1.41405
1.29031 0.684384 1.22198
1.42456 0.747127 1.28712
1.2804 0.835301 1.31222
1.29023 0.668323 1.32449
1.28611 0.988023 1.28048
1.32366 0.688946 1.33855
1.40078 0.76737 1.339
1.34441 0.92052 1.29529
1.36078 0.770977 1.23843
1.35727 0.665459 1.24813
1.34139 0.674162 1.2018
1.38424 0.668776 1.24535
1.24402 0.705273 1.30947
1.34731 0.668078 1.23011
1.32754 0.684173 1.27665
1.31107 0.669847 1.29827
1.38433 0.733584 1.28432
1.47467 0.834771 1.30858
1.36892 0.734325 1.38312
1.27929 0.688088 1.1876
1.36362 0.731594 1.27455
1.3845 0.714496 1.28682
1.36613 0.682725 1.1931
1.27317 0.701725 1.19935
1.34606 0.678391 1.29574
1.31384 0.672187 1.19072
1.3647 0.727154 1.27945
1.36219 0.694013 1.25263
1.30249 0.68227 1.28004
1.40016 0.676096 1.2041
1.3014 0.670019 1.28367
1.30068 0.694708 1.2708
1.2818 0.669933 1.30097
1.26103 0.673059 1.2046
1.34432 0.673194 1.19184
1.37293 0.675876 1.30113
1.33762 0.737941 1.24677
1.35396 0.736665 1.27687
1.37157 0.759077 1.28813
1.28523 0.754408 1.23376
1.33725 0.67885 1.28061
1.38544 0.675021 1.17424
1.3523 0.743884 1.25978
1.28848 0.726819 1.24673
1.35114 1.42566 1.27727
1.27874 0.667783 1.32948
1.34169 0.7372 1.26438
1.29474 0.68597 1.30659
1.32794 0.736393 1.24464
1.25413 0.727586 1.27764
1.33146 0.833832 1.24258
1.51316 0.73711 1.25904
1.23004 0.701025 1.25885
1.65454 0.816087 1.28139
1.29654 0.711017 1.27935
1.39616 1.02163 1.26601
1.33434 0.761946 1.28437
1.43968 0.742552 1.21394
1.32526 0.701804 1.20552
1.35435 0.686617 1.18503
1.2572 0.800787 1.24658
1.40856 0.762625 1.24252
1.32143 0.694495 1.27582
1.33046 0.713679 1.28578
1.31025 0.694672 1.23314
1.36502 0.758062 1.29358
1.27947 0.70745 1.28917
1.45591 0.777476 1.28683
1.28318 0.70972 1.28249
1.38442 0.77153 1.27924
1.35458 0.693093 1.1995
1.36223 0.693119 1.28173
1.29533 0.695514 1.30483
1.31824 0.690007 1.23987
1.27193 0.775985 1.39327
1.38354 0.751502 1.19198
1.35494 0.762611 1.3193
1.37826 0.748845 1.1896
1.36034 0.762692 1.20967
1.26427 0.711101 1.42905
1.35614 0.775147 1.22197
1.31389 0.685643 1.3118
1.36248 0.77765 1.2711
1.31828 0.772542 1.25335
1.35529 0.777011 1.24931
1.2874 0.766243 1.28885
1.26748 0.697175 1.22963
1.30347 0.696129 1.32012
1.26 0.798301 1.44465
1.30205 0.81053 1.31648
1.33091 0.882797 1.31126
1.25249 0.704813 1.30263
1.27994 0.733422 1.20892
1.38472 0.740041 1.24424
1.37763 1.44724 1.23141
1.23894 0.651889 1.31788
1.25604 0.677756 1.21928
1.40787 0.73517 1.298
1.37395 0.732693 1.27182
1.41936 0.746698 1.28756
1.27088 0.665146 1.28199
1.36811 0.727379 1.31111
1.39307 0.738694 1.30327
1.36056 0.700269 1.28204
1.36017 0.758664 1.21733
1.2827 0.718636 1.17174
1.35636 0.671449 1.23583
1.30794 0.848818 1.31277
1.29451 0.756983 1.23112
1.29075 0.704282 1.2194
1.29129 0.682184 1.2649
1.30704 0.699252 1.27598
1.33397 0.770223 1.27614
1.35261 0.763542 1.21875
1.27898 0.760211 1.21636
1.30193 0.757544 1.12689
1.22896 0.727563 1.18339
1.24511 0.741578 1.08757
1.22192 0.709506 1.18053
1.15575 0.713844 1.06344
1.17842 0.750766 1.03085
1.21019 0.861248 1.13263
1.16323 0.771299 1.10637
1.2391 0.804971 0.994466
1.20962 0.973942 1.07629
1.08339 0.747881 0.974997
1.13706 1.00742 1.03587
1.05473 0.968532 1.00983
1.03927 0.835343 0.951894
1.48335 1.70152 1.43935
1.98329 1.6661 1.35601
0.941466 0.79908 0.885226
0.939041 0.786914 0.896341
1.18293 1.3518 1.05406
0.926519 0.810225 0.896228
0.969901 0.846038 0.848656
1.04883 0.859262 0.930917
0.96795 0.867812 0.915841
0.991638 0.801573 0.937588
0.973532 0.814099 0.946012
1.02034 0.871188 0.9652
1.04773 1.04978 0.96341
1.03368 0.853255 0.979343
1.26634 1.27399 1.01628
1.07519 1.59482 0.90402
1.01434 0.763886 0.9788
1.06529 0.787071 0.969951
1.30314 1.24943 1.19033
1.21442 0.830407 0.965087
1.06528 0.86165 0.970813
1.00076 0.838536 0.939419
1.00728 0.788416 0.95407
0.989907 0.955933 0.905258
0.98083 0.790423 0.936475
0.982075 0.804547 0.955551
1.00647 0.754084 0.92883
0.979735 0.806927 0.939602
1.48945 0.7601 0.875234
1.00772 0.765563 0.96099
1.10851 0.823632 0.996181
1.0813 0.831945 0.899489
1.16735 0.901465 0.95114
1.08226 0.854477 0.969248
1.41862 0.973926 1.31827
1.27576 1.112 1.13954
1.19998 0.872744 1.05982
1.13679 0.868177 0.952775
1.08899 0.862494 1.04012
1.16831 0.75315 1.067
1.14828 0.836348 1.17464
1.07251 0.807561 0.983773
1.16982 0.780201 1.06242
1.30248 0.818559 1.10275
1.15423 0.888877 1.0256
1.1992 0.787323 1.0849
1.0407 0.727243 1.02973
1.21031 0.705792 1.0293
1.09753 0.737455 1.00028
1.03741 0.708557 0.959097
1.14107 0.862559 1.38506
1.0284 0.767403 1.02696
1.08861 0.67865 0.974048
1.06179 0.891587 1.04851
1.30453 0.932022 1.1362
1.14852 0.697114 1.08382
1.06408 0.697007 1.07832
1.11914 0.705393 1.00968
1.20552 0.784044 1.08103
1.17729 0.831215 1.04763
1.20309 0.825371 1.10349
1.14476 0.784046 1.0814
1.06504 0.701515 1.08816
1.08112 0.723887 1.07313
1.1275 0.769551 1.08917
1.11958 1.46112 1.07606
1.08815 0.859598 1.03663
1.12546 0.767129 1.05934
1.13938 0.879469 1.04008
1.2368 0.797611 1.20313
1.24425 0.828997 1.12082
1.29155 0.782824 1.08149
1.21678 0.745377 1.1516
1.27532 0.849522 1.22456
1.25643 0.758375 1.16916
1.31411 0.880675 1.19484
1.24819 0.796336 1.16712
1.31841 0.789805 1.22547
1.37704 0.732459 1.2504
1.42488 0.848649 1.27454
1.39524 0.757251 1.26966
1.37759 0.747504 1.25662
1.32692 0.719636 1.23413
1.55295 0.796049 1.15996
1.41243 0.79994 1.25028
1.33617 0.785058 1.23343
1.27101 0.764889 1.18401
1.28241 0.958991 1.17638
1.565 1.20739 1.4291
1.15539 0.71705 1.08818
1.20446 0.811299 1.11239
1.17967 0.82331 1.11702
1.48835 1.13837 1.34301
1.163 0.829594 1.08403
1.1698 0.852833 1.08055
1.17278 0.799483 1.08749
1.26541 0.783812 1.07006
1.0492 0.698096 1.11506
1.15468 0.766909 1.08268
1.17277 0.90227 1.05066
1.03757 0.728923 1.09563
1.15916 0.992282 1.38503
1.07773 0.759561 1.08551
1.15756 0.722449 1.05386
1.19625 0.760335 1.01486
1.17494 0.704661 1.06998
1.17327 0.967008 1.0952
1.1306 0.700585 1.10439
1.28476 0.868218 1.14385
1.17695 0.82724 1.03408
1.16275 0.804044 1.08762
1.15681 0.786718 1.08022
1.16734 0.794856 1.03591
1.17122 0.78965 1.08817
1.19683 0.792387 1.09022
1.20094 1.68424 1.09809
1.11604 0.749072 1.06317
1.0702 0.725001 0.987671
1.14752 0.71573 1.07184
1.21425 0.817695 1.11501
1.24262 0.839731 0.981069
1.13321 0.805385 1.04463
1.11748 0.767557 1.06011
1.08987 0.804774 1.03726
1.08108 1.06873 0.990367
1.13162 0.866573 1.02234
1.11604 1.08088 0.999159
1.15264 0.790203 1.01827
1.176 0.762333 0.91719
1.0887 0.791642 1.08486
1.22506 0.762037 1.05004
1.2095 0.887527 1.06767
1.17955 0.711837 1.06011
1.17493 0.945378 1.06819
1.14319 0.693437 1.04483
1.21932 0.760304 1.13891
1.27308 0.747071 1.08232
1.25282 0.740802 1.17457
1.26289 0.693433 1.15461
1.28259 0.74819 1.16229
1.56786 1.60833 1.58891
1.31333 0.763262 1.18656
1.55575 1.16784 1.15242
1.32512 1.17466 1.26272
1.1884 0.755917 1.07873
1.16389 0.71457 1.05348
1.13936 0.765302 1.04119
1.23211 0.855011 1.04575
1.11519 0.695848 1.04425
1.06491 0.787954 0.981486
1.16933 0.98882 1.01414
1.01834 0.752215 0.955609
1.11268 0.845761 0.984997
1.10709 0.911018 1.03134
1.06144 0.765522 1.01403
1.05184 0.764908 1.03155
1.16073 0.957664 0.948927
1.09845 0.772882 1.02093
1.39726 1.09898 1.35853
1.15264 0.777145 1.08972
1.1542 0.753374 1.06367
1.121 0.697011 1.05595
1.15751 0.741098 1.14429
1.13378 0.745743 1.09216
1.24094 0.755537 1.10994
1.12605 1.63834 1.07648
1.14977 0.835615 1.09508
1.11401 0.78609 1.04558
1.08859 0.953611 0.927849
1.05749 0.841758 1.0036
1.09023 0.825337 0.954727
1.00477 0.886482 0.888951
0.964186 0.844875 0.904249
0.924138 1.07162 0.868926
0.846731 0.930823 0.836539
0.845813 0.745538 0.773562
0.990584 1.12544 0.94569
0.896436 0.800947 0.804569
0.967031 0.864841 0.77048
0.840965 0.794534 0.761351
0.8516 0.816098 0.765595
0.846685 0.783868 0.835345
0.868857 0.794889 0.791113
0.974905 0.72504 0.775456
0.918283 0.861291 0.780237
0.951306 0.810338 0.816579
1.12213 1.3971 1.09049
0.867842 0.816909 0.812024
0.854758 0.793913 0.793446
0.804115 0.789538 0.751329
0.868871 0.877294 0.781683
0.830524 0.872664 0.694629
0.789842 0.768809 0.644011
0.954091 0.96434 0.77127
0.742992 0.805086 0.721173
0.878424 0.869249 0.717587
0.935211 0.849654 0.733126
0.86612 0.943973 0.765792
1.31224 0.847856 0.775576
0.907899 0.851639 0.827492
0.963503 0.872552 0.88648
1.00434 0.826871 0.970868
1.09327 0.790671 0.940822
1.12878 0.774321 1.01674
1.1665 0.728464 1.07733
1.14178 0.896909 1.04605
1.11184 0.717919 1.05549
1.08034 0.743165 1.06098
1.04899 0.739462 0.946769
1.19122 0.734873 0.951874
1.1267 0.798187 1.01216
0.94889 0.737342 0.953774
1.06283 0.781563 0.972973
0.982664 0.835929 0.925231
0.987853 0.750783 0.963996
1.01137 1.83119 1.21171
1.03179 0.799695 1.03689
1.26012 1.02188 1.0408
1.39679 0.995977 0.979819
0.967202 0.773083 1.03123
1.30609 0.786156 1.0376
0.92868 0.715895 0.974511
1.0375 0.809393 1.02764
1.07295 1.03475 0.98938
1.17988 1.00491 1.17702
1.46215 1.07141 0.980955
1.06802 0.787299 0.96995
0.947806 0.769115 0.942641
0.983833 0.807873 0.929199
0.970503 0.842994 0.882259
0.917551 0.95884 0.88958
0.932298 0.888519 0.949704
0.884672 0.86904 0.873342
0.977078 0.905644 0.871345
0.930176 0.935183 0.877773
0.910538 0.922269 0.86063
1.20711 1.42766 1.10475
0.895524 0.841881 0.832454
1.00724 0.924272 0.822717
0.961031 0.848148 0.850214
1.05491 0.883363 0.885996
0.939693 0.746565 0.815358
0.89469 0.743385 0.880118
0.965048 0.929811 0.883595
0.961435 0.794956 0.856481
0.980783 0.777502 0.886139
1.26906 1.03669 1.24944
0.997741 0.78016 0.963078
0.98781 0.761914 0.93517
1.05714 0.816507 0.950783
1.14816 0.727368 1.00422
1.04037 0.713882 1.00956
1.07289 0.766868 0.989675
1.08402 0.761856 1.0184
1.09533 0.722664 1.04958
1.13271 0.874491 1.01061
1.11774 0.707771 1.09161
1.22767 0.771226 1.1275
1.21664 0.764248 1.1107
1.31873 0.759189 1.4467
1.24497 0.733639 1.14156
1.29885 0.773302 1.17646
1.25344 0.767087 1.07703
1.23804 0.953395 1.14947
1.13779 0.726508 1.08031
1.27096 1.60436 1.14883
1.21626 0.77686 1.12507
1.19938 0.749942 1.09937
1.1075 0.711021 1.10962
1.19291 0.721535 1.05977
1.13392 0.766346 1.05522
1.12151 0.758781 1.01956
1.04418 0.728468 1.01444
1.07288 0.885116 0.975006
0.942963 0.75639 0.946049
1.00709 1.03453 0.948294
1.00625 0.741434 0.945187
0.989438 0.787037 0.901268
0.959584 0.802412 0.946139
0.927346 0.910136 0.856856
0.939222 0.856183 0.896955
0.988079 0.754972 0.919525
1.00121 0.789109 0.895858
0.994705 0.803764 0.917771
0.974583 0.770198 0.887305
0.979251 0.726295 0.995056
1.02648 0.728441 0.90087
1.01809 0.801691 0.9448
0.993858 0.833119 1.029
1.01003 0.767632 0.934444
0.973892 0.788597 0.921129
0.997764 0.790536 0.934152
1.01338 0.816756 0.97541
0.953753 0.806442 0.921855
1.09704 0.856607 0.926334
0.952127 0.819227 0.916868
0.929007 0.80305 0.880109
0.983301 0.810925 0.893224
1.03469 0.798222 0.925097
1.01667 0.99887 0.984931
0.974419 0.752404 0.856025
1.0449 0.970219 0.926498
0.978678 0.721405 0.872994
1.0967 0.994353 0.942261
1.04137 0.774714 0.958414
1.08409 1.07433 1.04067
1.0257 0.705791 0.968012
1.08996 0.741561 0.936634
1.10235 0.72906 0.969497
1.1007 0.801298 1.21453
1.09414 0.78377 1.06766
1.13004 0.788302 1.01268
1.16369 0.793566 0.997095
1.07247 0.707609 0.955407
1.35515 1.00617 1.15693
1.05026 1.53397 1.03542
1.15009 0.765793 1.03037
1.09498 0.73384 1.03888
1.12244 0.749986 1.01502
1.13003 0.752501 1.06629
1.10995 0.76451 0.963343
1.02595 0.698942 0.924178
1.06492 0.683594 0.919862
1.07057 0.76423 0.987965
