4.44316 2.5e-05 0.216336
1.94928 2.1e-05 0.093327
5.29306 5.4e-05 0.281028
5.07853 5.6e-05 0.206765
5.15115 0.000123 0.40249
3.53555 3.1e-05 0.494302
4.55775 2.4e-05 0.323313
5.52782 3.5e-05 0.856233
4.77311 0.000138 0.45328
4.85726 2.2e-05 0.433968
4.69664 0.000125 0.759406
4.76706 0.000216 1.23729
4.79624 3.4e-05 0.479352
4.52357 4.7e-05 0.730224
4.9046 3.7e-05 0.424378
5.31731 0.00012 0.497196
4.67933 2.7e-05 0.48845
5.20531 2.9e-05 0.650164
5.04534 3.8e-05 0.60001
5.1503 5.7e-05 0.608903
5.07763 2.9e-05 0.516402
5.26874 4e-05 0.816515
4.08852 2.6e-05 0.376878
4.98665 5e-05 0.536128
4.50086 2.3e-05 0.35375
4.94089 3.9e-05 2.50486
3.71599 2.4e-05 0.390425
3.70222 2.7e-05 0.324804
5.64697 0.000112 0.671851
3.97902 2e-05 0.235979
3.69309 2.4e-05 0.314327
4.08191 2.7e-05 0.269098
3.48097 3.8e-05 0.190457
3.22701 3e-05 0.20952
4.32866 3e-05 0.331482
4.28153 0.000122 0.480762
5.02741 2.4e-05 0.573646
5.22972 2.4e-05 0.444072
5.37238 2.2e-05 0.614629
4.74002 1.9e-05 0.461896
4.73909 0.000125 0.486405
5.33202 3.6e-05 0.655356
4.6466 5.7e-05 0.492289
5.99411 2.2e-05 0.599347
4.96651 4.9e-05 0.542893
3.61006 3.2e-05 0.48032
5.35531 3.5e-05 0.504619
4.10312 3.8e-05 0.395454
4.19951 8e-05 0.464068
4.89689 3.5e-05 0.507234
3.89075 2.8e-05 0.434252
3.86365 1.51499 0.290701
4.39902 2.10365 0.399391
5.64962 2.63322 0.52335
3.9835 2.1857 0.444176
3.24403 2.03621 0.294499
3.73955 2.23139 0.441219
4.05126 2.02141 0.392819
5.31472 2.69345 0.376703
4.08175 2.87243 0.588515
3.04012 2.59602 0.338642
3.20077 2.14048 0.330806
4.02168 2.80278 0.368018
4.9626 3.88912 1.0216
5.77109 3.5154 0.976537
4.20982 1.9751 0.211043
3.46442 2.06762 0.329447
3.56483 2.82514 0.349962
2.63048 2.1341 0.216788
5.42982 2.74587 0.283712
4.69698 1.63843 0.217709
3.48725 1.85503 0.168726
2.65571 0.858937 0.060241
4.04735 2.41912 0.351125
3.41205 2.86154 0.384819
5.35552 4.97039 0.679671
4.48465 4.44699 0.466851
4.24843 4.46173 0.709943
4.54112 4.18086 0.61278
4.97048 5.97501 1.23521
7.08466 40.0733 1.16194
4.72191 4.59526 0.393823
6.1354 5.05818 0.431029
5.68611 5.60956 0.763663
4.97648 4.79129 1.11166
5.2673 5.43808 6.72527
4.59431 5.0059 0.767002
3.89051 5.11772 0.498532
4.84238 6.25262 0.636977
4.53757 5.71043 0.767938
4.5674 4.89057 0.647269
4.30558 5.68626 0.590591
4.31622 4.81754 0.906656
4.45442 3.67993 0.437233
5.07844 5.61548 0.654663
6.4692 5.92379 0.713875
5.78277 10.2489 1.14582
7.18008 8.56202 0.442317
5.78701 8.94957 0.807299
5.20013 4.54907 0.539353
5.92991 5.12091 0.586795
5.29814 5.62207 0.804317
6.23222 6.37099 0.713114
6.03747 5.46242 0.644572
6.87975 6.06916 0.389995
8.16705 7.94787 0.443908
6.04432 8.46872 0.759868
6.94879 7.17959 0.586323
6.62106 7.84596 0.638566
6.10195 9.20896 0.698905
6.43649 7.54921 0.69619
5.58131 7.22769 0.630503
6.10992 8.94966 0.609736
6.26336 6.23932 0.418811
6.23755 8.36086 0.446211
5.7963 8.89573 0.640517
7.02938 8.67432 0.42626
6.47068 8.88837 0.472603
7.21702 10.1858 0.705701
6.26846 7.46027 0.439023
5.72781 6.72266 0.540138
6.51109 7.07071 0.609261
6.01773 8.56092 0.907868
6.06371 7.71141 0.493147
5.41829 8.35622 0.647747
6.49885 8.69833 0.748161
6.52033 8.15168 1.15071
6.73725 6.43356 0.517939
6.5783 7.84569 0.678546
7.40513 10.5744 0.757362
8.53255 9.89223 0.707972
8.7565 11.1641 0.735405
8.52907 10.0397 1.12205
8.14446 14.5478 0.980771
7.33738 10.3381 0.540397
8.75712 12.4268 0.871427
8.08051 10.7394 0.952697
8.86359 14.082 0.633386
10.009 12.357 0.821963
8.31448 12.1297 0.704647
7.16251 9.73161 1.05695
8.34922 13.3704 0.742396
7.63607 9.20965 0.486727
8.27216 9.82248 0.831383
7.07647 10.3563 0.624273
7.84497 10.6719 0.761921
6.89551 9.25303 0.511137
5.97358 6.83508 0.447844
6.23336 10.7669 0.569324
6.44999 6.6601 0.458519
7.52345 10.9196 0.613756
6.91854 9.47041 0.428536
5.30136 9.54289 0.415926
6.08969 9.85982 0.647846
5.06222 5.18965 0.300323
6.68283 10.7467 1.49967
5.84501 10.1922 0.433237
5.4296 8.47905 0.480036
6.21612 9.832 0.453868
5.65586 11.4737 0.4449
5.66396 10.97 0.47628
4.79058 12.0745 0.905123
5.50679 12.8801 0.926615
5.96129 12.5925 0.550543
6.16102 13.3096 1.04381
6.12155 11.7772 0.480786
6.05824 13.2303 0.568195
6.11162 14.3183 0.807269
5.61818 13.8673 1.24241
5.24247 13.2312 0.81808
7.25417 10.7158 1.11855
6.74187 11.9222 0.503902
5.96882 13.7708 0.933976
7.57738 15.8766 0.571955
4.73692 8.58221 0.384883
5.15925 10.0783 0.927676
5.61983 12.0233 0.519944
5.74308 12.2198 0.4451
7.02274 10.7166 1.01255
5.97911 8.60397 1.10345
6.63558 9.62998 0.43189
6.50296 11.2324 0.648256
5.83429 10.484 0.317655
6.46587 14.6431 0.644168
6.05138 11.829 1.02817
5.16266 10.8016 0.364985
4.27075 7.49521 0.48943
3.95019 8.76249 0.602855
4.18695 6.81544 0.332395
3.9194 6.46966 0.310796
3.84797 4.06697 0.191682
3.15491 3.69855 0.172732
4.53156 5.88926 0.317373
3.35925 5.25212 0.355171
4.41216 7.31607 0.346074
4.36391 4.48905 0.284427
3.56863 1.60315 0.116516
4.54704 7.75101 0.470563
3.47753 3.01944 0.236566
3.64453 5.16521 0.393268
4.11355 8.57146 0.304448
5.39536 11.6137 0.46779
4.91351 8.50983 0.337435
4.23756 10.2101 0.384148
4.08075 5.9767 0.201393
2.60645 1.12358 0.064021
3.40456 6.82318 0.474786
2.13714 0.825406 0.03838
3.83513 11.3272 0.388539
3.56702 7.81631 0.318373
4.62878 12.9315 0.399158
3.90808 11.2689 0.592194
3.9277 11.507 0.369319
6.05725 11.1366 1.00832
4.34347 8.17993 0.28061
4.17869 6.59463 0.227324
4.39031 8.36584 0.458523
3.36432 7.36413 0.396871
4.10633 10.1573 0.42088
4.18259 8.85755 0.520426
3.06446 2.19753 0.131195
3.41098 6.58205 0.25277
4.14467 8.14396 0.458772
3.78226 14.7785 0.615972
3.91817 8.12137 0.564441
2.98708 5.9225 0.340381
4.6302 6.37901 0.316326
3.95098 10.4194 0.315312
4.30991 6.96645 0.310054
4.76523 8.24815 0.287359
5.48743 14.4496 0.817904
11.8092 21.6966 0.660989
4.26439 11.9323 0.333473
4.05986 12.182 0.370932
3.44325 11.957 0.326544
3.58178 2.72112 0.163556
4.65073 14.8595 1.08591
7.64711 12.2499 0.411043
11.4982 15.2487 0.439452
4.43072 10.8101 0.426986
4.66481 10.1636 0.383798
4.15643 6.85538 0.329797
3.95045 7.93669 0.352473
4.30017 10.1195 0.717397
5.6119 9.47791 0.862509
4.0343 6.89297 0.285987
3.2802 2.69157 0.101027
2.95409 3.10312 0.163603
3.4045 4.91533 0.411967
3.74664 4.42808 0.219604
3.91574 3.83875 0.330957
3.73799 6.1898 0.382987
3.67315 5.2967 0.436284
3.62713 3.70532 0.289633
3.43885 3.48211 0.168348
3.31972 3.38182 0.174488
4.35768 9.04886 0.361905
4.62084 10.9459 0.439326
4.34395 10.0729 0.888987
4.36909 8.05206 0.610683
5.99129 9.6878 0.414456
4.32895 9.54602 0.465951
4.12413 7.57396 0.465615
3.99575 6.27347 0.403036
3.73037 7.62259 0.40389
4.34987 6.83495 0.544661
5.3901 7.14922 0.717321
4.28562 7.94362 0.313292
4.73941 6.72493 0.321017
4.59023 8.07915 0.648053
5.03639 12.4192 0.536777
4.48617 11.232 0.405161
4.50213 8.63216 0.324724
5.00648 13.9059 0.559991
4.93679 11.7941 1.23296
6.51114 11.6672 0.463651
6.06866 11.9097 0.334847
5.53926 12.0886 0.371335
5.41411 10.8143 0.339326
5.02953 9.63242 0.399829
5.84532 9.63377 0.33518
5.26804 11.2019 0.3169
4.95241 11.8762 1.08343
5.22886 10.9168 0.483185
5.0122 13.1288 0.549459
5.30486 8.36437 0.354047
4.6161 10.7397 0.446371
4.46543 6.78257 0.403903
5.36688 13.6512 0.630957
5.08525 12.8158 0.488834
5.61989 12.7213 0.501907
5.39234 14.8474 0.524478
5.53672 11.2549 0.412978
4.92286 10.49 0.370358
5.94364 10.6153 0.430834
5.64357 12.0447 0.378706
5.58484 16.9906 1.25896
8.82982 18.6542 1.66543
7.07289 18.5145 0.648493
6.41354 14.878 0.808492
5.60325 11.2891 0.422404
5.51146 11.6932 1.4662
6.39008 16.5457 1.52836
9.45022 16.7247 11.7137
7.48503 10.5273 0.683282
8.71141 14.6985 1.26982
8.74165 15.8778 0.738166
7.9533 11.8074 0.850633
11.6655 11.2298 0.586627
7.9534 11.0769 0.453806
7.1789 13.2278 0.503458
7.16585 16.0691 0.867817
7.87316 11.9652 0.909557
8.73031 18.1262 0.664906
7.81482 12.1594 0.61537
7.66795 12.8706 1.25437
8.10508 15.0573 0.784046
8.13605 13.8593 0.602642
9.27552 12.2871 0.879249
10.379 16.6386 1.44864
9.37972 15.9302 0.82639
8.4551 14.1897 0.841914
10.2894 15.4075 0.554239
9.72531 15.4042 0.600825
10.7253 17.6878 0.74249
9.11196 14.3882 0.724246
9.14681 13.1453 1.02909
10.3164 14.9004 0.780988
10.1495 13.1993 0.567669
8.23292 10.9391 0.523686
8.18325 15.6421 0.577499
11.0371 15.5839 1.74275
10.2993 14.7874 0.571704
10.4745 13.5629 0.52946
8.75016 13.3438 0.832472
9.99983 13.5468 1.30348
8.78355 15.8524 1.9357
9.23391 13.3916 0.749831
8.43009 15.0392 0.799539
8.64282 16.7186 1.54224
8.69807 14.6634 0.741762
7.64388 12.4058 0.515791
7.59013 14.86 0.866268
7.10932 14.4029 0.819334
6.46025 10.5544 0.516503
7.18214 13.7252 0.42368
7.36759 16.3497 0.59106
6.98741 11.7027 0.487704
5.93912 14.3173 0.596761
8.13124 13.1835 0.732856
6.15602 12.8375 0.396993
6.17793 13.1346 0.455491
6.59475 16.9006 0.830905
6.32431 11.7778 0.406863
6.19955 11.9143 0.467093
7.47507 11.69 0.560546
6.22985 10.1472 0.414467
5.59212 10.3237 0.336601
5.83572 11.0951 0.363604
5.20752 11.5319 0.483025
7.32518 12.1643 0.338895
5.90752 9.51246 0.465293
5.02852 10.312 0.423867
5.37307 11.2992 0.31837
5.96639 12.6972 0.495752
5.78464 10.3266 0.343371
5.96925 13.5334 0.799704
7.49007 14.3076 0.4984
6.01076 11.1987 0.391791
5.6673 11.1788 0.510651
8.41629 11.0645 0.352818
8.71423 14.2488 0.432278
9.55258 13.3847 0.454589
19.3913 29.4337 0.695124
13.2506 15.1045 0.424948
7.50934 11.7433 0.951962
5.9755 13.5805 0.5695
6.69114 14.589 0.525292
6.25188 11.9786 0.663263
8.20176 12.4049 0.536038
6.91538 15.7988 0.693392
6.59103 16.9918 0.563194
6.16507 13.3179 0.559661
6.21579 12.0835 0.560985
8.0128 9.38601 0.760352
6.76567 10.9741 0.985872
6.57672 9.84186 0.992545
7.64814 9.06828 0.348623
7.27876 9.77983 0.569539
8.25691 13.7264 0.357681
10.0204 8.74747 0.444554
7.58908 12.9647 0.608497
8.45486 12.2242 0.859645
8.56082 14.9358 0.526938
9.18698 17.7857 0.514743
8.6098 14.9064 0.487043
8.82171 16.1382 0.478626
8.96573 14.9863 0.530162
10.6642 14.5799 1.09059
8.3628 15.6127 0.539244
8.84867 22.8593 1.33617
9.54832 18.7813 0.800214
10.6219 15.8424 0.474147
11.0389 17.9623 0.507243
9.56689 19.8156 0.639965
10.0617 18.1541 0.485844
9.93058 19.582 0.683188
10.3861 13.9292 0.789231
10.9792 20.2945 0.625914
11.0571 22.0185 0.73458
9.37748 20.3801 1.52995
12.6326 23.7325 0.784974
10.7425 18.1025 0.823555
13.3948 17.6692 0.613009
12.0286 16.1811 0.521359
12.4225 19.5217 0.648073
12.5374 18.0879 0.625555
13.0364 16.3228 0.554779
11.7193 18.6978 0.67429
14.0707 20.7552 0.645819
14.0515 16.8251 0.735025
15.592 16.1175 0.593575
19.414 49.6417 1.11442
13.9119 19.9105 1.04234
14.3204 20.9362 0.988301
13.902 16.9209 0.735805
16.1244 17.5185 0.642009
16.3698 21.4282 0.98031
13.5616 18.1805 0.987883
14.2601 17.2351 0.957265
13.5864 19.6632 0.856306
13.949 13.6819 0.485592
13.8593 12.77 0.92371
14.5572 17.762 1.01158
16.5375 16.507 0.999035
15.7872 15.1589 0.927378
14.9345 19.5134 1.51223
13.8184 14.2182 0.907095
13.6286 14.6035 0.798452
16.2878 19.1597 0.734808
13.9593 13.5406 0.572851
16.1824 16.3022 1.51546
15.6834 14.0606 1.03874
17.1721 12.4073 1.18393
14.812 11.6257 0.830722
17.9567 13.1768 0.782718
15.1533 13.4711 0.761908
19.9663 13.1734 0.809799
15.1024 12.4594 0.450038
18.4043 11.3893 0.438754
15.7626 14.4328 0.600685
16.8125 10.7014 0.566508
15.9407 11.1513 0.691952
16.5027 14.4348 0.467673
16.737 13.5496 0.433891
21.3567 14.2856 0.736446
16.2217 6.52949 0.350571
17.055 13.0975 0.525034
17.4693 13.4802 0.42781
19.6063 14.2329 0.490468
17.3982 10.8811 0.570812
18.7448 17.9678 1.1363
18.8024 16.5426 0.70062
16.4255 12.3259 0.467459
20.6555 13.3822 0.897927
19.5122 16.0156 0.738929
18.7872 13.3408 0.588674
19.4847 16.6348 0.550741
17.5015 14.4914 0.630875
19.9606 15.9122 0.613095
17.8688 13.7244 0.492903
17.4847 17.2034 0.545984
17.8243 14.9736 0.501964
19.4931 15.9329 0.595208
16.4467 13.5936 0.719648
19.9296 12.6974 0.551726
16.9617 13.8269 0.460664
17.0143 17.1096 1.15741
17.1312 13.2077 0.620086
15.5714 16.8311 0.903212
17.0266 13.6781 0.527336
16.1165 15.8711 0.487983
15.7337 17.1426 0.502318
16.3963 19.1811 0.632101
13.3476 13.4992 0.349307
14.7646 22.0912 0.95115
12.4912 10.4834 0.609047
15.5953 12.3564 0.374879
12.6346 7.77766 0.278371
12.4181 14.728 0.650118
17.897 19.8304 0.550467
13.539 18.5871 0.547363
13.5496 9.37555 0.394605
13.8517 10.7515 0.365281
14.7372 20.2348 0.756883
13.8873 7.82108 0.431742
10.8931 4.57538 0.087666
13.36 10.3399 0.311437
13.0047 13.3302 0.866293
13.1067 11.6633 0.413371
14.0449 16.2953 0.379866
13.8994 10.3746 0.624391
14.9013 17.2349 0.774446
13.7718 14.996 0.539889
11.7632 4.10573 0.222395
12.2657 13.202 0.68526
13.9034 9.47115 0.561548
15.1549 15.8716 0.802357
13.3628 11.6235 0.636666
13.2683 18.0876 0.614997
16.7191 21.4089 1.27727
16.578 30.4877 1.04606
16.5125 18.236 1.0075
16.526 19.59 0.884265
21.1191 18.1715 0.673838
16.3345 20.806 0.808759
17.4592 21.4233 1.22417
17.9577 21.6016 1.1251
15.5133 21.7009 1.11488
19.264 20.9874 0.642411
17.3139 18.993 0.678942
14.4297 20.8258 0.93082
14.2984 29.4608 0.936368
18.4913 28.4482 0.873561
18.9131 24.7312 0.895624
18.6918 21.5721 0.790477
16.5382 23.5421 0.60973
16.723 28.5128 0.766394
15.881 22.4463 0.88699
15.4769 18.7925 0.852906
16.6334 21.1944 0.872811
15.6998 19.3777 0.596599
20.4586 25.5123 1.29196
18.4484 18.7462 0.769139
16.8658 27.9897 0.829507
17.6915 21.0463 0.610067
21.0714 20.3336 0.660973
16.3935 22.2809 0.850485
18.3537 22.0136 0.708076
18.8952 21.9107 1.23379
20.8624 24.2859 1.22043
18.8077 21.3017 1.14734
17.8216 19.5053 1.44312
21.1285 22.3293 1.03479
17.0083 17.0081 0.679602
17.6841 24.4358 0.993338
17.7538 14.8395 0.683225
17.845 25.5686 0.987074
15.5114 21.5572 0.563554
17.3555 21.8179 0.726685
17.8493 17.91 1.16846
17.6568 16.7034 1.63229
14.721 16.0891 0.612389
20.8903 24.6117 0.666268
15.714 22.9407 0.919152
16.7982 26.0182 1.57083
19.1053 24.04 0.9323
16.1804 28.5478 0.995574
18.1307 21.6531 0.616583
18.6417 26.0774 1.19335
19.0142 21.4804 1.11922
21.0757 20.6289 0.672237
19.0474 20.6137 0.822009
18.8548 22.8106 1.30102
17.2274 20.3544 0.77587
26.7747 21.4207 0.819319
21.7845 25.0678 0.90577
20.4678 22.3316 0.757769
22.5415 24.6863 0.844077
20.8131 23.7719 0.769298
21.6527 23.7429 0.627837
23.0651 24.9376 1.00995
18.2263 16.6262 0.678391
19.0154 11.9698 0.415982
18.964 21.962 0.785494
19.365 20.3213 0.652122
22.5882 21.8862 0.665071
20.5251 27.0268 1.00511
21.2413 22.8168 1.07781
17.6292 19.4408 0.919615
19.3148 29.5404 1.01728
18.8171 27.0354 1.01204
20.4951 21.8661 0.896512
16.146 14.7021 0.620231
25.692 22.4729 0.604114
17.4065 20.4805 0.957197
19.5615 32.3113 1.17922
20.3076 19.1413 0.784545
21.2899 23.9482 0.714892
21.6829 21.3694 1.1245
21.6487 20.9742 0.560567
16.2511 13.2777 0.545804
24.7353 44.821 1.02721
14.6836 18.8683 0.572787
15.6949 10.1741 0.403987
15.8848 24.1967 0.906946
16.805 20.4345 0.607105
19.6998 21.4304 1.20246
18.7533 18.3173 0.587784
20.5394 20.8849 0.762135
18.3844 20.2012 0.849408
19.9265 21.1246 0.757915
21.1432 18.4718 0.742359
21.8234 21.9476 0.814435
21.8906 24.1261 0.845995
19.4073 15.0025 1.17652
22.6425 21.8391 0.733426
21.95 15.7809 0.71807
18.8754 11.6712 0.412769
21.6159 14.7659 0.657371
20.9702 17.7155 0.702346
19.1072 19.3382 0.811
21.5526 21.2597 1.14544
20.3462 21.3412 0.929386
22.2736 24.6859 0.855778
22.3556 19.7907 0.807566
21.7762 22.3734 0.995833
22.9925 22.4476 0.855042
24.4516 29.7718 1.28236
22.9478 35.1296 1.07046
23.9408 29.2975 1.32752
23.3751 27.1524 1.46319
24.722 25.4369 0.91136
22.7499 26.2431 1.38626
21.4688 25.7423 1.18941
23.5062 31.0996 1.03039
22.8514 29.2024 0.717323
26.2877 29.1915 0.715537
23.0373 27.5518 1.13851
22.3419 24.7629 1.07477
22.0638 31.0423 1.11011
21.5021 24.2283 0.721658
22.1543 34.469 0.983688
21.8788 21.9199 0.815008
22.5912 27.3807 0.644428
23.0174 19.2735 0.671553
19.7552 31.3433 0.750465
26.8673 28.5068 0.700098
23.0152 25.6325 0.62298
22.3082 21.2866 0.545597
24.6914 25.3859 0.659189
21.7583 22.5027 0.589834
23.4873 23.0428 0.553802
25.432 26.2463 0.654455
21.8506 28.3305 1.35512
24.3162 24.9973 0.8459
26.5797 34.5121 1.11239
36.7729 30.2796 1.03506
27.5147 28.187 1.02652
39.7226 26.545 1.08469
29.4175 18.9265 0.759427
28.1844 24.4746 1.1508
27.0521 25.759 0.735599
27.4581 15.7073 0.43273
31.208 22.5899 0.900694
32.667 20.7511 0.681071
31.2078 25.8085 0.878041
26.6957 17.5355 0.775154
28.6234 26.3278 0.931632
27.076 18.739 0.72185
26.6073 28.7816 1.3011
26.8756 22.6574 1.06064
26.6512 23.1553 1.0523
39.2788 33.6154 1.54796
27.4368 28.4114 1.56409
27.6703 22.6761 1.0229
26.9712 19.4378 0.731425
26.0016 19.952 0.930661
26.3371 23.0393 0.723999
26.1044 19.0125 0.79025
24.8422 21.6399 0.83044
26.8392 23.0619 0.731515
26.8229 25.3637 0.992378
28.42 25.6788 0.865682
29.2636 28.4171 1.0792
27.1532 29.754 1.01123
27.1376 30.8463 1.14878
29.6791 35.3338 1.36941
30.257 32.1255 0.964579
29.7211 29.2047 0.952331
27.656 38.5529 1.1506
27.96 25.4083 0.998412
29.8074 27.6275 0.874365
26.1912 39.624 1.28372
26.8683 30.7948 25.7089
28.2028 26.2491 0.765262
25.8345 37.7788 1.30976
28.2561 37.3921 1.13082
35.4994 29.737 0.813379
29.0597 30.494 0.706822
29.3918 28.5155 0.94789
28.9258 32.2629 0.743898
27.8046 45.3597 0.890107
30.3686 42.9496 0.839026
29.7391 42.1593 1.24655
28.1314 32.6014 1.26656
29.9989 28.8035 1.03299
28.5552 29.7049 0.833826
29.0104 34.5113 0.976885
38.6875 25.9289 0.881075
27.9599 46.0099 1.05307
28.9593 37.715 0.933187
26.8222 46.4961 0.995062
30.6704 25.9992 0.855996
27.8991 33.6496 1.13495
31.1495 35.4624 0.710463
28.4878 29.3007 0.831379
33.8357 35.0947 0.77786
31.9143 30.4901 0.768765
31.1186 27.6763 0.688833
27.8257 40.0586 0.780355
30.603 37.3076 0.642741
29.0259 25.775 0.670243
27.6419 24.5083 0.878615
28.1741 38.5506 0.88102
28.7295 29.0629 0.85064
32.3813 34.0634 0.848836
28.3595 42.6806 0.885515
30.6404 46.0934 1.02969
31.8672 38.4492 0.770723
30.6506 42.2113 0.964273
27.924 32.7756 0.953895
28.4457 30.6735 0.918125
29.1393 29.7212 0.85138
28.8101 45.0668 1.09541
28.5264 31.921 0.904967
29.4694 27.7877 0.896631
29.5136 30.5305 0.739886
32.9038 37.0355 0.670205
33.0498 40.1807 0.919221
32.8762 39.8622 0.979943
30.248 43.8725 0.684705
32.2132 37.6949 0.644009
33.1898 29.0832 0.50988
35.2295 37.0502 0.649982
36.667 35.1227 0.683493
33.9089 47.1501 1.08599
39.747 27.1056 0.513783
42.2942 21.817 0.519328
36.626 32.6809 0.419927
33.2237 35.3973 0.650187
33.7094 23.9061 0.54898
38.6945 26.8768 0.430078
34.9639 29.2826 0.550648
36.5503 34.044 0.494615
33.3484 35.6919 0.716223
42.0568 16.8911 0.339028
34.7272 37.8328 0.517248
37.2048 43.962 0.372652
36.3818 40.6553 0.511005
37.7284 32.7394 0.39592
36.3091 32.7443 0.310005
40.7645 31.1461 0.282578
35.4778 21.2965 0.359443
37.4278 37.4468 0.388087
35.065 34.3226 0.333896
33.7952 43.5901 0.422784
36.9882 28.8831 0.295049
33.8137 38.0261 0.415143
36.7745 41.1257 0.544661
30.9086 30.751 0.557886
30.4832 36.8767 0.702736
33.0439 29.2584 0.558211
30.5878 24.5474 0.701342
31.5878 38.1405 0.645358
30.4755 39.4343 0.851846
29.0023 40.44 1.45751
33.8427 20.3504 0.558206
31.5244 19.71 0.616727
30.416 51.4498 0.943319
32.5434 42.4661 0.828458
33.2833 34.5923 0.981702
28.4662 21.1105 0.877952
32.861 30.7312 0.747536
30.6469 20.6805 0.847618
29.6442 23.3608 0.794389
32.9387 46.6877 0.882522
28.8843 31.6217 0.618923
32.7647 35.57 0.667759
27.1924 38.5336 0.889555
31.0634 29.0187 0.610746
29.6389 43.3674 0.862421
32.1824 56.5979 0.993705
27.7865 38.1371 0.777011
30.3683 31.3748 1.04017
28.0416 40.3348 1.36607
32.7644 38.1406 0.796181
29.394 30.2618 0.632341
27.1827 49.0899 0.793173
27.4613 27.2216 0.694994
28.1203 33.7141 0.694227
27.7066 43.5782 0.907139
36.6572 28.1059 0.632403
26.0493 32.4533 1.12882
25.6081 31.6821 0.902297
25.8075 41.0715 0.952921
27.0745 49.0637 0.806273
31.8253 44.419 0.873923
26.4603 39.5976 0.953676
29.6393 44.3286 0.78637
25.8006 37.7755 0.89415
29.2682 54.2937 1.01963
28.3133 37.7657 0.782442
26.4593 43.5684 1.44667
28.0732 45.248 0.84019
26.1764 46.726 0.866307
26.8468 49.6612 0.806437
27.6459 41.3426 0.825477
26.7559 49.7081 0.813357
28.3357 51.7376 1.07694
27.1718 46.2098 0.932513
28.1242 42.3126 0.796484
28.9664 32.5741 0.682269
26.6598 35.9586 0.857374
28.3522 30.0631 0.68193
29.089 41.2909 0.895646
29.1928 33.2176 0.753649
28.2675 39.3602 1.51086
29.8114 38.7665 0.84201
25.832 36.8873 1.11197
40.2938 44.7667 1.32315
29.7361 48.277 1.06677
25.2473 49.204 1.40036
27.5491 47.0048 0.86575
25.3124 28.3173 0.79305
23.9533 33.3575 0.780272
27.0803 33.8571 0.557915
24.9805 42.3265 1.23349
26.3184 31.4804 0.954111
26.0181 47.0598 0.885719
28.5998 43.42 0.782223
25.2864 38.1133 1.29721
24.3293 35.6229 0.937298
27.779 44.5921 0.632664
23.3258 34.7748 1.09106
23.0404 44.1337 0.92272
23.4861 42.8648 0.858353
21.5954 31.9823 0.9112
23.5524 27.702 0.926364
25.2873 33.3584 0.745904
26.3535 42.372 0.776215
25.6717 35.4344 0.746106
23.9403 40.2185 0.947942
20.9836 49.1531 1.20212
27.292 47.0343 0.837015
21.5294 40.9022 1.29305
23.2532 31.0464 1.459
21.7858 43.3812 1.11854
25.6204 50.4479 0.977695
26.5088 35.0141 0.651378
22.6527 45.8728 1.13322
22.8218 38.5955 0.890348
22.2513 41.2361 0.933243
23.778 55.3581 1.22752
21.2307 40.0171 1.16241
22.0263 44.9615 0.8238
21.4873 38.0495 0.921591
26.0628 52.0757 0.817327
26.713 35.6281 0.865283
22.9295 33.3539 0.959747
22.6489 36.2173 0.96198
23.9365 29.2006 0.968824
25.4871 43.2093 0.792222
25.2791 40.6907 0.878985
21.7799 40.5472 0.953458
21.6827 38.2859 0.955677
25.1814 35.9791 0.841856
24.7677 39.5424 0.833303
26.2641 33.2973 0.795166
24.9526 26.7775 0.72249
26.1255 35.0133 0.685899
24.8473 43.1485 0.869135
24.0867 44.9281 1.05861
25.9448 34.4516 0.742637
23.6867 32.8618 1.18014
24.6014 34.2541 0.802609
22.9627 32.6877 0.703057
32.3014 51.7218 1.39631
26.2147 33.6961 0.740394
22.3027 39.1 1.37675
21.3417 65.9368 0.975129
24.1929 24.5002 0.650708
23.1529 36.7556 1.12722
22.1986 37.0783 1.17159
20.661 37.3469 1.0934
21.3791 33.1342 0.922413
22.3131 31.2562 0.796067
24.1271 31.3381 1.12685
21.6494 28.7393 0.976201
20.4932 33.2446 0.994295
23.4973 29.6168 0.934771
24.2882 21.9832 0.77049
21.323 39.9716 1.40565
22.6407 36.1548 0.975061
24.3185 30.3543 0.72551
22.9781 38.9429 0.862886
21.2986 34.1008 1.29371
22.8749 27.1381 0.857879
21.0941 30.01 0.727962
31.2846 48.8803 1.06603
23.5404 26.0549 0.876716
22.7057 32.6071 0.965282
24.9741 24.9687 0.653217
21.3567 27.947 1.06394
21.6245 23.506 0.704644
22.6061 30.5556 0.802381
26.429 29.5468 0.76279
22.7339 41.7934 1.33587
23.2347 37.6008 0.919107
22.689 33.3251 1.21091
25.533 28.4195 0.844271
22.2382 27.3266 0.834207
20.2171 38.782 1.35254
26.6795 30.3789 0.77055
19.6814 25.8337 0.830829
21.2357 24.7227 1.15666
20.5876 28.6776 0.893195
22.4211 28.9495 0.705929
21.4044 25.8136 0.703483
19.7432 31.3016 0.751807
19.9587 30.2618 0.847824
19.1273 31.1861 1.00651
18.1896 23.9126 0.916405
17.8477 14.8389 0.524565
16.4266 25.3808 0.834138
15.2304 17.0121 0.645693
15.6698 24.2706 0.637206
16.9476 27.9894 0.743387
15.8306 28.0879 0.89826
17.8357 26.6767 0.82066
14.481 38.1212 0.983338
13.6975 35.7262 0.859473
14.7731 33.8549 0.790167
15.2205 22.7192 0.538184
13.6562 32.0078 1.05125
15.3231 53.7693 0.908613
13.2887 25.5891 0.650585
14.1852 31.1547 0.915474
14.2479 30.3976 0.576932
14.7693 35.2341 0.635665
13.7043 24.9253 0.613362
15.4706 36.189 0.78484
13.4885 26.4167 0.562806
14.4587 28.6403 0.722468
15.7079 35.3369 0.671168
15.8993 33.1849 0.692958
14.4317 31.9429 0.634385
16.3473 22.5526 0.539196
17.3184 31.43 0.543805
17.3134 23.5132 0.44931
14.4397 37.4807 0.97491
15.4098 36.5411 1.01909
14.8447 37.604 0.563035
16.0535 36.7851 0.638563
15.8488 33.1302 0.726191
14.3214 26.1333 0.57876
15.9535 33.2372 0.625239
14.8081 27.8011 1.24843
14.1754 30.0594 0.575467
13.5981 34.2875 0.787679
14.5278 30.3147 0.588902
11.9431 26.3103 0.514383
12.5935 36.8592 0.832899
13.7125 35.504 0.773491
11.253 36.1133 0.912114
13.0337 31.1145 0.561337
10.5706 22.1605 0.494711
10.4468 24.0404 0.496449
10.0459 26.354 0.455259
13.1518 35.9218 0.664595
11.0858 23.961 0.819417
10.1319 26.9453 0.461898
9.1092 22.1653 0.495045
9.18314 26.8725 0.741027
9.57219 33.6937 0.883344
7.97177 26.6345 0.508696
8.93789 27.2934 0.786373
9.67914 32.0775 0.567199
10.1948 19.1727 0.591428
5.14022 1.37966 0.066357
7.04711 15.8981 0.322319
7.54585 21.0768 0.420881
7.49325 16.2462 0.893155
7.87443 21.1381 0.435598
8.01907 20.6525 0.296594
8.69908 28.8713 0.776172
7.29077 20.2995 0.379137
7.16891 23.9424 0.590548
8.26335 26.4801 0.40632
8.08769 14.4396 0.637658
7.29065 18.8316 0.363345
7.44454 21.503 0.45978
6.72139 21.6338 0.649575
6.90891 19.1222 0.653804
9.1355 22.2848 0.377711
8.50853 25.9306 0.539975
6.58007 18.5635 0.500811
7.8264 29.7772 0.533194
8.5294 26.0056 0.539317
9.64503 30.357 0.516148
8.74907 28.3686 0.724033
9.00738 34.4691 1.01293
9.65079 36.3536 0.575616
8.89423 31.139 0.691271
8.76223 18.3151 0.442658
7.44844 33.138 0.771917
7.38375 31.0313 0.644118
6.63777 26.3053 0.452093
7.90667 27.4178 0.68798
7.3926 24.7124 0.362508
5.62612 19.639 0.298969
6.52108 28.7171 0.47865
7.46419 36.458 0.905158
6.65477 29.0807 0.749557
7.24833 24.5942 0.5643
8.17247 25.952 0.513734
6.44151 23.9242 0.381985
7.16133 30.321 0.588112
6.50194 31.1135 0.885617
7.40292 24.394 0.619304
4.71924 18.6016 0.361447
5.17889 16.6857 0.279205
6.18311 27.0219 0.568425
7.50942 32.6936 0.855234
5.37309 23.2349 0.355511
5.49314 30.9032 0.688671
6.38947 35.1358 0.909262
6.12723 30.9241 0.682187
5.66008 25.9595 0.567953
5.15532 23.0765 0.435947
5.17983 23.8853 0.511426
5.5169 18.7406 0.444413
5.05721 23.939 0.399256
4.43267 16.9492 0.198589
5.517 22.0928 0.339299
4.58533 20.6977 0.319702
5.40332 24.1713 0.430879
5.68386 25.9195 0.510014
7.06775 36.5183 0.430856
6.26215 22.4326 0.837905
5.90383 27.0654 0.426226
5.58151 23.1321 0.329476
6.31905 29.377 0.765077
6.29619 24.5485 0.352478
4.87267 18.3247 0.265133
4.66195 18.7696 0.535525
5.2328 21.1735 0.561425
5.16007 19.1392 0.371608
4.68461 21.4098 0.382073
4.78355 14.9021 0.241253
5.00865 18.8118 0.275835
5.16694 17.8547 0.557295
5.0822 17.8015 0.384315
5.44807 23.6973 0.430451
11.5976 39.5608 0.476837
6.02103 17.6393 0.480314
6.59953 18.6416 0.281647
6.72625 28.3176 0.473043
7.90241 29.6029 0.630688
5.87044 23.8497 0.471767
6.67094 28.956 0.459146
7.14129 24.0623 0.51688
6.47018 23.1875 0.422477
8.1166 20.3434 0.296201
7.41938 25.0828 0.497383
8.52294 22.8233 0.402669
8.22512 28.5939 0.69196
9.5867 26.0361 0.491117
10.4584 26.5507 0.549698
11.2072 26.842 0.521954
9.18603 21.8958 0.399576
7.30971 19.5254 0.347543
8.37087 25.5457 0.376644
9.21345 25.8622 0.516987
7.32325 18.4225 0.409275
10.044 29.2931 0.396055
9.29264 31.5192 0.825769
8.14614 26.8623 0.408533
8.00169 19.3249 0.305985
8.58173 22.7974 0.423909
10.0473 27.4558 0.442845
10.0024 37.9761 0.732701
9.59008 39.108 0.891546
11.9445 40.7621 0.892164
11.1086 47.0023 0.682595
10.0741 46.3659 1.11192
10.2311 35.8 0.562869
11.0974 43.4836 0.699017
10.9791 38.5319 0.582114
9.92487 46.0878 0.840621
10.4396 49.216 1.13673
10.9403 49.4202 0.959165
11.3175 41.0229 1.02712
11.0007 46.7419 0.703322
9.50784 34.8253 0.598069
10.9555 42.2879 0.601775
10.5394 43.6162 0.944979
11.5 33.7906 0.685943
9.74941 34.4147 0.654265
11.0274 28.3027 0.63021
