7.38795 2.4e-05 0.243627
6.3172 2.6e-05 0.405648
6.1653 3.1e-05 0.518635
7.04464 2.4e-05 0.451315
6.27719 3.3e-05 0.597641
9.97663 0.000165 2.86329
6.45588 0.000139 0.56586
5.47928 0.000109 0.690123
6.32698 3.2e-05 0.641315
8.2951 3.6e-05 0.660959
7.73659 0.000114 0.698583
7.77733 3.5e-05 0.722887
7.03463 3.2e-05 3.93163
8.15995 2.4e-05 0.662772
8.82048 0.000224 1.01957
7.4549 3.4e-05 0.781426
8.39918 0.00013 1.00853
7.46323 0.000117 0.86683
7.462 3.2e-05 0.93166
7.84461 9.3e-05 1.89566
8.38608 3.2e-05 1.07985
8.90341 0.000169 1.70277
8.13225 0.000303 1.02771
7.84477 3.3e-05 0.944088
7.83531 2.2e-05 1.10156
8.37718 0.000109 1.30823
8.50444 4.3e-05 1.72767
9.14853 0.000232 1.65066
8.72067 3.3e-05 1.65364
8.53052 2.3e-05 0.857961
8.82435 2.4e-05 1.3722
10.801 4.5e-05 1.17629
11.76 0.000319 5.69701
11.5999 0.000352 1.70129
11.1319 3.9e-05 0.942923
10.3562 2.5e-05 0.936131
12.0473 2.5e-05 1.17397
12.8794 4.1e-05 1.2615
12.9328 2.4e-05 1.04423
12.5355 0.000122 0.813851
13.5814 2.2e-05 1.03735
12.1359 2.4e-05 0.931231
11.23 0.000176 1.22119
14.1584 0.00015 1.27506
14.2665 2.4e-05 1.6545
12.89 3.2e-05 1.10038
12.5614 3.4e-05 0.949904
12.9402 4.1e-05 0.963383
12.9606 0.000117 1.85981
15.8347 2.3e-05 0.945381
12.0275 3.6e-05 1.00199
14.9109 3.25587 0.727906
15.7183 4.29607 0.843491
12.8664 3.54935 1.3096
13.7125 4.74213 1.09096
13.3857 5.2639 1.31555
15.0959 4.68183 0.6292
14.3689 3.99993 0.659297
15.2984 4.03972 0.627489
14.1857 4.31951 0.641575
13.1526 5.22611 1.09871
14.1186 7.1498 0.919318
12.8304 4.55008 0.6382
13.7093 5.92528 1.11679
14.0856 6.62563 0.7455
15.6783 4.81116 0.60896
14.3486 5.2002 0.67669
14.5786 6.40324 1.10285
14.9063 6.85033 1.00599
13.8328 7.3884 0.954692
12.4567 5.41538 0.573622
12.4611 7.12542 0.68694
13.3521 7.13069 0.981717
12.9086 4.02416 0.586386
16.7876 5.29254 0.946094
17.5977 6.90839 0.946852
17.9854 8.10505 0.665319
15.4156 6.24873 0.587894
18.6583 7.70215 0.74335
23.7093 9.28951 1.00765
23.4595 9.2756 1.30455
18.786 7.85162 0.895639
20.8858 8.60777 1.07402
18.6129 7.03087 0.653956
20.322 8.23736 0.921698
30.0346 35.7739 1.56721
18.9134 8.75211 0.784969
21.1008 8.54152 0.619422
19.0569 8.16035 0.916254
19.7305 6.39632 0.533734
18.2655 11.999 1.11984
19.9079 9.50692 0.627688
16.6241 6.77991 0.736863
17.9606 7.9478 0.574101
18.3799 12.2831 0.884088
17.3787 7.76637 0.602229
20.5673 10.6538 1.10866
17.6698 8.28671 0.377574
18.9422 6.05827 0.395999
19.0412 5.01696 0.332742
18.772 7.63649 0.417506
18.6296 7.33621 0.577089
19.5781 7.14251 0.38161
22.3125 6.53121 0.511049
18.5266 7.15654 0.444224
18.9055 8.70399 0.381301
23.3476 7.77174 0.444773
18.9852 5.82253 11.6482
20.8505 10.3952 0.997564
20.2959 8.36886 0.366796
23.2053 6.21908 0.270767
22.665 6.83719 0.327776
23.0186 6.4186 0.256292
22.906 8.44407 0.493675
23.4426 5.37288 0.418788
25.1741 6.3147 0.388094
23.2898 4.28473 0.275092
22.5798 7.14637 0.310284
23.4477 7.51265 0.447703
24.4533 4.56129 0.214262
26.8446 4.92023 0.297952
20.1798 7.94942 0.85826
24.3951 10.452 0.435548
24.863 9.13995 0.650472
23.7766 12.7394 0.521447
24.4831 12.1887 0.436238
29.3514 11.0399 0.603266
26.8197 11.2433 0.872683
27.8196 9.60651 1.17874
28.7121 7.13548 0.465939
28.5702 9.20607 1.00097
25.1993 9.85717 0.642697
34.1081 9.99231 0.491473
30.2502 7.01774 0.410688
30.1595 7.69754 0.559326
27.7338 5.97404 0.413172
28.4733 12.7487 0.468535
25.9879 10.747 0.656353
24.3581 11.8793 0.640275
29.1646 10.0007 0.708542
29.0505 7.49548 0.670948
27.1647 10.4425 0.975622
25.3428 8.9307 0.370271
22.4519 11.17 0.464902
24.6285 10.2842 0.654929
28.8127 8.54138 0.347852
24.1035 7.03204 0.457475
30.0473 13.4285 0.969702
27.8485 10.9235 0.9919
31.956 9.36764 0.60932
33.427 14.62 0.865219
26.8966 13.1498 0.580475
28.6445 11.0807 0.917974
46.5066 12.9306 0.836753
26.406 13.3315 0.568221
23.9242 10.4421 0.4337
25.1874 12.1232 0.455781
31.4088 15.3598 1.0328
23.4899 8.89796 0.397605
25.8934 14.5861 0.894178
30.2255 16.8328 0.847758
26.2447 17.6105 1.34087
32.1181 15.4548 0.825247
28.3899 14.0279 0.71874
27.2612 15.8443 1.05033
45.6038 20.7869 1.0697
32.4823 14.9159 0.829111
33.0847 10.2654 0.777079
31.2585 10.8014 0.630628
33.7936 10.657 0.860956
28.4122 13.0933 0.828864
35.5748 16.8201 1.23658
34.3851 13.8796 0.621204
32.2414 18.4898 0.707202
37.2119 16.2416 1.03664
33.9939 19.2679 0.771746
33.6155 19.7652 0.714988
34.1396 18.6234 0.719023
40.4881 15.5578 0.611362
32.7693 17.7079 1.54433
31.9565 17.0937 0.898061
32.6395 11.652 0.486962
37.2587 10.4411 0.734382
35.583 16.3574 0.580778
30.7653 16.7389 0.868071
34.7248 20.5164 0.916477
37.3913 12.1835 0.792704
36.772 21.2741 1.42404
35.9589 21.06 1.14129
34.7166 21.6008 0.780048
40.8427 21.6667 0.914811
38.5503 16.7983 0.870785
34.8296 13.1643 0.423103
36.4738 18.2826 0.92604
36.9205 20.097 1.33214
37.6031 15.6524 0.845756
40.671 16.2287 0.679966
37.805 12.2172 0.536292
32.2967 14.5831 0.451121
33.4872 14.3305 0.393363
33.6007 17.6998 0.545201
35.1212 22.3867 0.774725
31.1316 16.0705 0.431651
36.9475 11.7931 0.582442
39.508 19.9695 0.455757
41.0475 20.423 0.609396
33.3797 12.7852 0.688571
36.1358 14.3487 0.344849
33.9432 19.7868 0.386356
33.5493 12.721 0.456113
35.8482 12.4563 0.786783
35.9626 10.438 0.49287
38.4257 14.1391 0.749201
32.5128 12.568 0.545839
34.8525 12.8633 0.446228
40.428 9.24863 0.514887
35.9961 17.0538 0.601379
42.3388 11.7679 0.447407
37.8679 12.4561 0.596514
41.3905 14.726 0.59763
38.4005 14.6438 0.631551
34.2425 15.4126 0.371227
33.6161 11.3103 0.446484
32.2563 11.9791 0.9351
45.6213 40.1948 0.417124
31.8609 7.97875 0.49535
31.1011 4.34878 0.172228
32.0323 8.94218 0.218073
35.7169 17.1502 0.44097
34.9599 13.3804 0.412211
38.8812 20.6248 0.362391
33.4573 13.981 0.465654
35.6086 20.2129 0.544359
37.5986 25.6313 0.632652
35.5213 31.0277 0.863598
33.0695 22.9657 0.461401
38.077 29.6203 0.575896
34.163 31.4395 0.446613
40.4728 19.4551 0.380381
59.787 30.5769 1.11454
37.0778 26.1961 0.508613
38.0488 27.3548 0.53946
36.7691 19.7545 0.497497
42.2949 23.7243 0.404276
37.385 23.6806 1.16622
41.2136 31.6988 0.833569
38.8074 33.9321 0.622106
35.6778 40.5608 0.686533
39.7291 33.0664 0.584586
37.4431 24.541 0.562704
42.8733 37.9055 0.460209
41.2456 25.7018 0.576156
40.3169 17.6123 1.35866
54.7397 24.646 0.665176
36.9975 21.3752 0.465373
37.9283 17.9876 0.31398
38.3037 19.4883 0.732111
31.5967 35.2405 0.582597
38.0886 26.3218 0.772227
36.723 21.0251 0.684328
42.8253 19.1955 0.361873
39.2184 47.8261 0.650333
42.585 22.7539 0.479519
42.6223 19.5052 0.486414
38.3709 13.0123 0.332514
37.7375 19.4411 0.446477
39.2209 20.6214 0.496354
46.9874 27.8239 0.743957
44.0724 22.2931 0.672761
43.9301 31.9713 0.474499
50.4558 12.1002 0.437792
49.0903 25.6788 0.504992
46.0233 13.6775 0.340512
49.2797 27.827 0.672341
52.2099 18.4463 0.684397
51.7919 18.4374 0.427831
45.4023 24.1447 0.554061
58.5118 12.1198 0.287633
53.6761 14.6088 0.324673
52.2406 11.6781 0.24151
56.2471 27.0681 0.864369
48.0277 17.2932 0.419767
54.7649 17.289 0.548824
54.2743 24.1491 0.326728
58.9569 13.8754 0.350923
59.3908 70.1771 0.876647
57.3843 33.1685 0.503594
62.9271 15.1322 0.49176
61.4685 9.99282 0.272103
58.7693 43.7946 0.37416
57.484 38.8637 0.316702
54.955 29.7061 0.295144
58.835 15.6721 0.085973
55.0253 4.10909 0.054621
58.6091 6.94159 0.045219
52.638 5.21776 0.045043
60.3323 35.939 0.179395
57.3336 30.542 0.179947
53.2839 20.6347 0.151635
50.8295 9.90502 0.042266
54.8786 23.4944 0.241511
49.9416 29.9745 0.236365
46.1573 21.4841 0.245258
47.0134 19.1156 0.190963
51.5408 31.5479 0.20497
53.3501 43.7039 0.182142
48.8367 43.6694 0.265039
75.7473 57.8388 0.238776
52.7547 29.7925 0.275547
57.9157 30.5388 0.261802
56.4009 16.2045 0.196907
55.3521 30.2797 0.197144
54.0146 4.99488 0.035793
52.5898 18.3398 0.156123
54.9554 9.97424 0.127769
52.6543 10.3681 0.075507
54.8681 17.6077 0.273904
57.8114 4.76757 0.036958
52.9803 4.70654 0.025769
52.0188 0.205349 2.92054
49.7759 10.3962 0.129312
54.279 14.7116 0.236247
48.572 22.3361 0.241771
49.49 15.8443 0.328519
53.2397 29.3332 0.488633
50.3226 19.0067 0.375547
51.0105 12.4681 0.291318
47.3982 16.8657 0.415084
49.5915 24.6261 0.274567
67.6305 20.6777 0.38782
50.7684 32.9855 0.4358
50.984 11.9018 0.405373
47.4329 25.3024 0.532481
47.9862 27.7725 0.419732
47.1741 29.3937 0.536098
47.8701 34.4717 0.685331
46.9042 36.2281 0.707385
48.5421 22.4753 0.575541
48.4026 23.3413 0.549248
49.6912 20.784 0.563217
50.3251 31.2657 0.613695
48.8884 34.2854 0.669468
52.7538 32.545 0.66887
48.0195 22.8094 0.773705
50.5191 28.8173 0.628349
55.3677 21.494 0.589631
48.6831 20.2259 0.540528
46.8819 28.6107 0.389302
48.3706 16.6307 0.513376
50.3958 11.2581 0.193474
46.1355 16.8928 0.496525
65.2208 24.4926 0.892314
46.2365 50.4846 0.754099
49.9624 19.0988 0.587156
45.805 15.5709 0.639879
47.5909 21.097 0.692638
50.538 16.7551 0.677456
48.6257 25.8809 0.665881
61.2964 17.9624 0.582809
46.0519 19.0202 0.691105
48.209 12.1519 0.620847
54.1203 21.7867 0.828205
45.387 29.2737 0.943637
51.1055 27.0003 1.036
50.8286 17.6457 0.43285
51.4223 9.32311 0.293614
48.9992 20.0405 0.520294
47.4652 14.4554 0.572305
44.7592 12.7049 0.479111
46.554 28.8047 0.733978
49.0409 17.3118 0.472663
47.2469 21.3378 0.449322
46.2371 21.9259 0.531079
43.0383 26.4119 0.45583
44.8972 23.0474 1.13573
43.9714 22.2162 0.74203
47.0541 23.4416 0.635125
47.6912 24.6159 0.888581
47.2881 26.6193 0.696398
44.534 15.1907 0.658378
47.1357 13.8544 0.41751
47.6065 18.4407 0.676225
45.6015 18.6509 0.905094
48.6442 19.142 0.595017
47.9326 27.9817 0.732539
47.2128 22.7361 0.659615
44.8203 20.9703 0.713668
45.3867 10.5065 0.468087
39.396 15.8396 0.628348
42.2924 28.447 0.715577
39.3852 21.0244 0.615387
43.6924 18.3312 0.587562
38.8956 12.771 0.898982
40.2294 14.2399 0.412723
48.4489 71.131 0.988891
41.1984 27.2783 0.813472
39.8917 21.5984 0.695389
38.5545 20.7648 0.751524
38.7964 15.5023 0.535433
41.0393 20.2114 0.729714
37.7014 23.8434 0.861596
35.2694 23.4126 1.1649
35.6516 22.0665 0.74525
30.4081 17.9789 0.610128
32.5949 25.5479 0.91065
37.4719 23.3699 0.848084
36.9729 28.7767 0.989915
37.1004 28.3659 0.899663
34.3454 27.9439 0.79335
36.0387 27.1327 1.09616
33.335 26.9925 0.900231
33.2652 20.6652 0.939476
30.3101 13.3712 0.600976
25.7555 15.8731 0.703748
30.5889 8.37322 0.49487
30.2602 20.8217 0.83051
46.1867 27.6032 1.27432
34.1794 23.1921 0.903745
33.0082 29.5349 0.903853
34.5803 35.2704 1.46429
36.0323 26.3161 1.2225
33.2855 29.5149 1.65026
34.3664 21.6643 0.768486
29.851 25.0871 1.25601
35.7978 27.7339 1.36012
38.0863 21.6908 1.11249
33.8845 24.2954 1.03282
31.8623 24.6358 1.07493
33.0544 27.7831 1.50401
30.635 17.2602 1.11632
29.9218 19.7877 0.925217
29.9834 21.4281 0.837039
28.7571 16.2381 0.749248
27.8948 17.7947 0.836973
34.1068 20.0525 0.981268
29.5234 20.6999 0.977757
26.7186 14.7863 0.780765
31.7877 14.2067 0.661325
28.6755 16.2495 0.669436
30.8053 22.0871 0.677641
29.4761 17.9194 1.09225
28.548 12.5147 0.916407
28.1173 10.6345 0.692791
26.9979 20.1524 0.790376
29.8655 14.8097 0.79681
46.2159 16.6661 1.00645
41.8795 9.28952 0.379201
24.3203 12.1085 0.508901
28.7238 16.882 0.673582
30.9753 10.245 0.600016
24.694 16.2644 0.647688
31.548 13.2409 0.551224
28.3213 9.82938 0.423048
27.0186 12.3421 0.542182
26.3248 8.93603 0.442268
29.6956 17.198 0.604721
29.4551 9.58727 0.72072
26.597 11.3313 0.749074
28.7402 9.93456 0.535614
25.9012 10.2707 1.09402
29.6374 11.9643 0.844571
31.0762 12.365 0.629038
24.1723 8.25681 0.780605
26.8574 16.5822 1.03261
29.8027 14.5714 0.784704
27.8306 11.6859 0.487095
27.6662 11.6293 0.70067
27.1215 14.2527 0.698683
26.5544 15.219 0.825525
27.3047 11.6336 1.25714
28.1896 16.2139 0.814408
25.3795 14.9654 0.883584
27.7774 17.3968 0.597022
27.0471 13.0961 1.09852
26.8322 12.5363 0.689876
23.3549 14.982 0.988074
26.0257 12.6195 0.661576
25.7126 11.5845 0.569364
22.2583 14.1634 0.705928
22.6534 12.1218 0.897911
22.3865 20.0549 0.97793
22.5314 15.8095 1.31381
22.9847 16.444 1.50395
27.8552 11.867 1.12999
22.1815 19.0678 0.875525
21.9194 17.8246 1.02574
22.7086 20.0579 34.9114
23.4489 19.0222 0.849491
20.1617 17.3159 0.746089
20.9143 20.325 0.889438
22.0897 20.7156 1.13365
19.6649 18.2636 1.25328
24.7535 16.7553 0.830632
23.4461 11.358 0.696268
20.954 14.8197 0.740203
24.2234 20.53 1.02367
18.4097 19.0418 1.51186
19.8506 20.5387 1.60032
18.6817 19.1422 0.760294
22.3804 17.9707 0.903203
17.9373 20.4256 1.87451
18.8947 25.3592 1.02703
20.0625 20.7605 1.11738
20.0568 21.722 1.35774
19.4359 16.0296 0.921263
18.0882 22.2786 1.23185
19.057 19.1639 0.852098
18.7386 17.1518 0.78014
18.1733 21.3969 1.87392
18.372 20.2913 0.734602
16.9389 20.3821 0.882542
16.9464 20.7772 1.43649
14.5797 20.4522 1.39557
16.2368 18.5699 1.17068
17.5934 22.5672 0.871933
17.5906 21.1987 0.752918
13.4588 25.0177 0.774893
15.6242 19.0083 0.813826
12.7117 20.3399 0.968295
14.3194 22.9184 0.944091
14.3033 22.6782 0.88101
13.0331 21.8917 1.00332
16.2148 21.8395 0.885663
11.8542 21.0835 0.743857
11.3128 17.845 0.711288
12.9725 58.8136 1.35507
12.8957 17.5821 0.908359
12.6375 22.1548 0.833566
11.0463 18.9056 0.92688
12.3368 24.6536 1.6491
12.8701 22.7904 0.843525
13.1339 24.3471 1.16149
12.4486 21.0152 0.744656
12.9668 27.7902 1.02551
13.5429 26.5512 0.978719
14.8628 24.7377 1.3062
13.5676 24.6315 1.44447
14.0717 27.097 1.33384
13.2074 24.6107 0.886643
15.5454 26.3955 1.40005
15.0372 24.9397 1.63414
15.2686 23.6156 1.37125
14.3901 25.2548 1.27242
15.9458 25.7593 1.238
14.3499 23.3048 0.821936
19.4021 23.1066 0.904819
18.6246 26.4159 1.4661
16.4257 26.894 1.06534
16.3373 24.5924 1.52868
17.0729 25.1468 1.11576
17.7745 23.985 1.06794
17.5444 23.5356 1.07008
15.9268 24.7432 1.70944
15.0028 23.1745 1.41348
18.0399 25.8374 1.21892
16.6862 26.9084 1.01859
17.9458 26.4662 1.64643
16.3582 27.3153 1.63243
20.4272 24.6857 0.859667
24.714 21.4501 0.812391
20.7251 22.8238 0.945244
19.5519 20.1624 0.828872
17.7608 23.2086 0.997075
17.8259 20.1581 0.959015
20.291 25.2449 1.06945
19.9543 26.5588 2.4509
19.5893 24.2469 0.857461
21.2264 19.7809 0.752713
19.0772 18.8444 0.923062
20.4264 19.9645 0.811986
18.5613 21.2824 0.803931
19.4125 23.4783 0.973116
20.5426 23.3568 0.995797
21.7865 19.0128 0.843166
19.8682 18.1769 1.39438
20.4421 17.8198 0.904994
20.3604 23.5443 1.01933
20.3925 21.3623 1.50991
18.5462 17.8114 1.35749
20.75 30.7182 1.87587
25.5233 21.9259 0.920193
24.3116 17.0525 1.64495
22.0486 25.6196 1.85102
21.0131 21.0143 1.22515
23.4442 22.2649 0.881333
25.1719 19.8985 0.994305
24.4546 22.5656 0.999063
23.3124 18.1436 0.767111
23.646 16.8941 0.965995
26.812 21.0675 1.23527
24.6395 16.877 0.802519
22.3911 19.7372 0.843558
22.9611 18.32 1.34443
26.3707 22.3123 1.06073
27.5528 23.0508 1.04557
27.4436 26.1084 1.47381
26.0716 21.0737 1.06824
29.1147 18.5025 0.803454
29.4087 18.9029 1.0283
32.5941 22.78 0.735278
31.5953 20.5404 1.32265
31.1649 18.715 1.15398
28.8091 22.8134 0.823511
26.8372 28.6789 1.94271
29.8505 27.5207 0.840796
29.7683 19.5342 0.60805
31.4392 16.8227 0.56873
32.5861 24.1245 1.04131
28.1761 22.5297 1.05434
30.5904 31.1275 1.24328
30.1268 24.8876 1.92491
30.5352 34.4026 1.38636
33.0592 31.7063 1.2947
33.5563 28.81 1.21637
33.5131 27.4698 1.02014
34.457 33.1906 1.0791
34.0883 31.7502 0.832272
32.5553 26.8589 1.12037
35.8539 33.9331 1.06576
36.0741 29.206 1.21329
32.8873 27.1014 1.64159
34.5734 37.6152 1.40882
34.7592 32.8645 0.966632
30.8622 70.9537 1.62316
34.5789 34.4019 1.69651
38.5193 30.6485 0.847141
34.7425 33.8092 1.68365
32.5128 21.864 0.644146
36.7045 27.9932 1.06953
35.8774 26.5802 1.45186
37.5379 27.7825 0.662013
51.3992 26.7614 0.810202
37.0007 24.7148 0.960815
33.7514 31.4312 0.801383
37.4988 30.5393 0.666625
35.7781 34.203 0.753436
31.0751 18.8886 0.699586
35.7974 9.01816 0.664709
36.6351 27.7434 0.762205
41.6031 26.2496 0.949393
34.89 72.8431 1.18169
34.4318 22.6886 0.963487
43.7504 23.9466 0.745385
35.1792 29.2895 1.47751
42.8405 28.8219 0.581941
41.9686 19.4971 0.4205
39.0155 21.0228 0.619084
37.5384 26.8242 0.559741
37.607 31.593 0.716241
41.5357 26.0869 0.554827
39.5055 25.1679 0.579118
42.1371 21.7356 0.757899
38.4975 25.7734 0.780306
36.2554 20.3563 0.56142
41.8 16.2036 0.562363
33.9725 29.2916 0.678086
56.1862 31.798 0.852201
38.6171 23.809 0.800983
39.582 26.74 0.748634
34.8176 17.1102 0.545369
37.4218 33.9628 0.607194
34.1289 22.1241 1.13064
39.698 23.9991 0.605513
40.7743 30.3214 0.785509
37.5143 33.3816 0.728979
37.3372 30.4013 0.693552
39.5627 40.4641 1.11278
35.5497 28.1848 1.10433
58.0677 28.3683 0.784081
35.9343 18.8252 0.720144
34.3401 21.6193 0.460787
31.9 13.9355 0.31402
37.3313 18.7215 0.440817
35.5416 22.1882 0.500349
36.8993 25.751 0.705331
38.2177 25.4044 0.745334
34.9149 27.9208 0.762603
40.582 41.9782 0.648438
42.8361 23.2619 0.572861
37.6542 25.0085 0.753126
37.4778 13.903 0.367748
36.3452 23.6465 0.590128
41.6671 24.9093 0.495634
40.4469 20.2376 0.499342
35.7728 18.9249 0.420288
45.4664 16.1761 0.618993
37.573 106.48 0.734933
40.8367 15.5799 0.589145
40.0407 20.4734 0.680182
42.6864 20.9421 0.639353
39.864 17.0717 0.394079
37.2071 32.0263 0.532804
38.4017 14.4078 0.483409
42.273 12.9308 0.425359
40.4395 31.7197 0.361423
35.7398 41.8511 0.847391
43.9912 26.1708 0.635358
38.9877 13.803 0.640467
35.0704 28.595 0.619524
31.2044 33.5678 0.513413
30.9767 39.6045 0.970408
29.8376 34.4486 0.578514
29.9489 19.2658 1.09388
46.6603 22.0736 0.598014
31.6751 29.9867 0.449705
33.766 19.6369 0.73222
28.6139 28.4367 0.506665
33.4174 37.08 0.820817
31.3258 31.9964 0.623094
30.717 18.3818 0.67594
33.5078 28.4293 0.677241
35.9059 13.105 0.684197
37.7376 29.3724 0.74951
32.7134 22.2204 0.897434
39.4166 26.8068 0.618313
34.5006 33.4519 0.833845
40.5758 17.1665 0.411444
37.1306 36.609 0.90931
35.335 31.7075 1.02086
37.7585 36.832 0.84841
55.1698 41.1188 1.41345
33.3854 34.469 0.909256
37.0285 31.2536 0.659936
31.3309 42.0525 1.60017
39.7264 38.3167 0.891889
35.6908 32.4721 1.07468
35.1717 25.4569 0.689932
41.2801 40.6097 1.07504
33.8315 37.0417 1.06508
31.8119 41.8251 1.483
40.2153 38.7067 1.08128
34.7314 37.5839 1.37052
32.2737 28.5803 0.839957
33.04 38.6232 1.53443
33.3138 73.1333 0.954828
34.4141 36.6967 1.48918
35.4454 19.0386 0.69746
30.8432 24.2543 1.33565
37.1801 39.7036 0.968583
33.7952 29.4547 1.6056
37.4183 29.6181 1.06063
34.1467 29.4243 1.52926
34.6742 20.7747 1.21392
34.5527 36.0774 1.2931
33.2774 24.898 0.810596
34.1074 33.2693 1.25363
35.5746 33.1214 0.812377
35.4137 31.6323 1.59301
34.6219 28.2997 1.19254
33.1058 34.3903 0.945837
33.8352 86.0632 1.50295
28.4275 25.7734 0.975119
38.9589 30.938 1.02805
31.1137 35.323 1.76809
34.1389 26.2884 0.990892
32.4359 25.9037 1.60896
35.2083 28.9316 0.856937
31.2532 30.4868 1.28459
34.8184 28.0749 0.945221
31.2109 28.5272 1.14051
33.8365 25.8296 1.17148
30.8234 24.8224 1.89962
36.1346 29.5057 0.967641
28.9855 29.7581 1.88114
32.0426 23.341 0.984579
30.1481 33.4001 1.71992
30.0299 30.1463 1.22405
25.736 31.2426 1.67005
26.4538 32.2273 1.90426
26.8822 38.85 1.11694
26.247 32.4266 1.4089
24.1831 33.9245 1.94744
25.9861 21.5264 1.41879
24.691 34.5581 1.53825
24.0795 26.4721 1.28589
26.3097 37.2168 1.54929
25.0743 27.7581 1.37422
25.0283 27.299 1.24313
27.1832 26.3869 1.12878
22.6255 29.4205 2.08237
25.9246 27.3246 0.863162
24.6409 25.1393 1.68951
26.2028 28.6318 0.963557
27.2779 23.8234 0.812159
23.216 23.8123 1.53862
23.9734 33.0621 1.70584
24.371 32.1666 1.07472
24.0109 36.0303 1.4756
24.6935 33.8048 1.38362
23.1213 34.9683 1.5233
24.3421 27.3674 1.4159
21.6796 21.9299 1.39695
22.6492 32.1266 0.926252
28.0817 24.4533 0.904795
27.0457 31.5858 1.17301
24.3598 33.792 1.49976
28.217 31.9818 1.24555
25.8599 33.3781 1.23195
25.3965 31.8065 1.40982
22.8565 31.0196 1.33836
22.5858 36.0864 1.41504
25.3949 24.6495 0.855779
22.9207 26.8345 1.87434
21.6517 25.3545 0.921134
21.6551 33.8282 0.993398
24.7386 26.9626 0.91156
22.63 29.7363 1.52073
20.5361 27.3492 0.938489
18.7948 29.2796 0.945189
18.7929 26.5326 1.05477
20.4612 29.5588 1.01089
28.5031 30.4192 1.76903
18.9307 25.8253 0.977364
21.2589 26.5842 0.904531
21.3274 28.1741 0.900628
20.4083 28.3599 0.874323
18.7086 27.8291 1.18156
16.9286 28.4018 0.800803
16.9362 25.7608 1.06037
17.7369 31.4581 1.09573
18.511 27.0724 0.931705
17.445 23.9104 0.921076
17.0677 28.3333 0.986534
15.2282 38.1928 1.51975
17.3712 27.1329 1.39849
18.5225 32.0128 1.63864
16.5731 29.6096 1.99619
15.8505 32.6108 1.82706
16.4249 34.0061 1.25308
17.2917 41.007 1.98976
16.9742 42.0203 1.40246
16.3938 42.9554 2.3977
16.5635 44.0628 1.43112
15.4904 42.458 1.66653
15.2266 37.3994 1.6546
16.1612 45.7934 1.08822
15.4432 32.7583 1.25454
20.7289 56.491 1.74367
15.6087 44.6561 1.44313
15.2717 33.8848 1.04723
15.7279 32.2416 1.12739
16.2222 38.0927 1.05731
17.1853 40.3389 1.24096
17.4572 42.8663 1.80431
17.3858 40.0612 1.62776
17.6002 42.395 1.41936
19.2352 33.8704 1.09503
17.5362 42.4558 1.64742
22.6418 54.693 1.52167
18.3811 36.5834 1.18117
18.8584 38.6308 1.38371
18.2979 33.351 0.914707
17.5372 36.7935 1.61976
20.22 31.8946 1.09057
20.187 28.3545 1.06912
20.1398 37.5211 1.18454
20.8503 37.0708 1.12503
22.2661 34.2207 1.21974
21.0163 34.7824 1.26557
21.082 34.3951 0.877353
21.4409 31.593 0.85233
23.223 31.9464 0.862607
23.692 34.555 1.26423
23.4916 29.4422 1.57955
24.5466 36.7252 1.11378
22.3918 33.8786 1.31095
36.55 42.9762 0.987418
30.6303 34.3458 1.55097
25.8961 29.3814 0.916799
29.2471 30.527 0.901234
26.4517 29.7859 0.873198
28.2331 33.5474 0.87417
31.5372 32.7307 1.13309
29.3475 29.1762 0.858206
27.2034 33.8735 1.08306
28.2198 36.4303 1.04926
26.5391 41.9237 1.34873
28.9451 38.1402 1.11597
27.2895 39.052 1.18835
27.6394 33.1697 1.12933
28.614 38.115 1.12381
26.8143 27.9643 0.864172
27.8722 26.5343 1.48163
28.4796 31.1726 1.01517
27.1532 29.4421 1.16083
26.6082 34.0063 1.17161
28.1084 29.8841 1.04691
27.6818 28.2801 0.991832
27.4354 30.8956 1.72215
27.9276 32.8394 0.957655
28.101 31.6816 1.50164
28.7998 35.4632 1.24856
26.917 28.2855 1.00933
27.0906 27.4806 0.952532
27.8936 29.8715 0.940597
26.9892 36.9712 1.39686
26.9821 33.8238 1.15664
31.6235 32.1712 1.23101
26.9107 27.7969 1.26241
26.5318 31.6298 1.07212
26.8228 28.7535 1.0602
26.6096 18.6808 0.629747
25.9259 21.643 0.916721
24.2168 20.5642 1.2235
27.9131 25.0848 1.12574
26.7093 17.2407 0.603116
26.1751 17.4445 1.20845
32.2649 23.9959 0.872618
30.4174 30.899 1.29886
35.1085 32.1879 0.833752
32.9296 31.8538 0.957246
37.2262 29.7386 0.819273
35.1668 32.8112 0.876887
37.1399 26.4845 0.852519
37.2412 24.8619 1.36631
36.9364 31.7816 1.13964
54.7788 28.9392 1.0884
40.3348 28.9018 0.856603
32.0483 29.2078 0.838995
38.4035 32.9344 1.14316
38.1053 38.1006 1.04421
35.1427 42.3584 1.51388
49.8601 39.1311 1.03143
36.7702 39.961 0.752704
39.1952 41.2875 0.680684
35.7577 39.5526 0.978234
32.7723 38.3406 1.08214
34.1685 34.7078 0.835469
34.7532 39.0516 0.841803
33.5956 42.6666 0.983117
35.2884 32.4676 0.991926
38.2561 34.4371 0.894484
34.7227 40.6991 0.865811
37.5479 33.6882 0.739456
40.0626 37.4769 0.624051
38.4707 31.3747 0.571421
44.3833 74.7797 0.572627
36.876 28.6109 0.53366
34.0848 33.3351 0.593683
40.0223 42.8217 0.92115
39.3509 28.1121 0.553161
40.1917 35.0325 0.938428
38.1056 32.6349 0.519628
40.7194 23.4584 0.527737
41.1396 21.1811 0.463323
36.5163 22.9836 0.42818
37.7927 22.5741 0.43074
44.8505 35.788 0.591427
41.6021 26.5174 1.1358
38.8936 19.7713 0.403256
38.9598 17.9218 0.574373
39.2655 24.6871 0.688078
41.3583 22.1954 0.569113
39.048 27.2161 0.534351
35.418 27.9555 0.640157
44.5698 32.9924 0.596205
44.7049 36.9342 0.594814
45.9759 37.8637 0.478423
44.8132 37.5864 0.640664
41.3309 34.1969 0.620756
43.3407 24.6459 0.767275
42.4329 31.318 0.700134
46.3587 40.3554 0.585457
43.409 39.0081 0.488814
44.5761 20.6759 0.413525
45.9323 23.7557 0.396969
47.9012 26.4102 0.511429
41.298 28.5609 0.492349
42.7373 27.1971 0.746176
44.8683 39.0124 0.622682
48.4724 27.334 0.638914
46.8266 42.6137 0.550271
51.3006 46.4739 0.584099
53.4098 24.9936 0.503327
44.9937 27.0889 0.564359
50.6846 28.8634 0.597124
49.5018 26.4199 0.783163
50.4496 38.4793 0.90268
49.8167 32.6254 0.746948
46.3826 34.359 0.874678
47.8752 47.975 1.27919
60.2956 47.2902 0.905584
53.5703 40.3961 1.72669
60.7201 66.5553 1.15573
52.9032 45.6438 1.06669
51.3303 37.2823 0.905206
44.4523 31.3174 0.660898
56.0528 42.6658 1.44056
51.5164 56.2667 1.26848
50.8587 40.1759 0.815409
49.9695 54.8343 0.735779
56.5929 67.8857 1.05641
56.1528 27.9146 0.628393
50.8201 12.713 0.397348
50.9764 31.5204 0.887989
53.9023 37.9792 0.709046
53.2129 36.251 0.615047
59.4177 36.3433 0.799363
52.3027 34.5538 0.932104
62.2263 45.2481 0.760006
60.001 42.4537 1.15894
56.6968 44.122 0.814567
59.4241 40.6105 1.13216
58.6445 34.621 0.82868
52.5157 46.2813 0.563411
57.7788 26.3714 0.58323
60.7796 27.2238 0.501289
84.1377 25.6185 0.669708
58.0256 45.1668 1.03921
54.3326 48.104 1.50719
56.2265 33.0212 0.608953
56.457 31.0609 0.959301
61.1279 38.5707 0.965678
59.4172 37.5928 0.704291
54.7032 30.1361 0.73675
53.4525 33.189 0.962376
61.5871 35.0023 0.716744
89.8719 23.6097 0.596305
55.2414 42.3381 0.615493
53.7049 43.7089 0.611701
57.0282 36.7096 0.45689
54.1723 32.3242 0.424022
52.6513 34.7496 0.473331
54.8745 32.4495 0.63576
56.3704 44.0491 1.4465
54.1089 38.0029 0.554237
53.0567 28.8413 0.582628
78.9746 28.2233 0.560853
57.5288 33.8937 0.393264
57.4319 36.0401 0.29667
54.586 29.5383 0.473632
52.81 28.1865 0.481355
54.2381 38.0235 0.589707
59.1256 30.781 0.436151
55.8143 24.8979 0.561794
56.0407 34.9444 0.580405
56.7002 23.8858 0.341169
64.2249 38.1971 0.8219
53.3032 33.4099 0.725855
56.948 31.1527 0.406806
50.4972 20.1549 0.378731
55.6234 42.9639 0.589265
51.921 25.3419 0.450727
45.605 18.3334 0.229051
64.2238 10.27 0.052022
48.781 8.31827 0.39354
45.7025 18.857 0.301614
51.7086 26.811 0.284144
50.3101 31.0341 0.389027
56.7223 43.6239 0.653542
56.3663 36.0885 0.667129
54 46.9002 0.717306
57.2221 53.5309 0.570099
55.1066 55.3262 0.8164
55.9487 36.1447 0.739579
53.218 54.9006 0.950126
55.2165 48.9335 0.693133
70.5344 60.8086 0.785153
51.4194 56.7005 0.694905
57.7465 57.6526 0.647167
50.3812 60.8319 0.832485
57.3177 55.1165 0.669004
53.0411 52.0978 0.391395
58.1647 57.8861 0.927176
61.4157 46.638 0.542673
57.5891 47.4918 0.952105
56.2714 39.4139 0.583222
59.0345 50.2419 0.718497
60.2844 51.925 0.531593
53.5775 47.7238 0.348575
62.4078 44.484 0.509378
56.0763 54.0846 0.465648
54.8631 52.1278 0.794488
57.1131 50.6705 0.597996
52.1946 34.7795 0.60745
53.9323 41.0392 0.633963
59.9868 51.9416 0.718348
56.0952 55.5716 0.640946
82.9007 53.7746 0.689496
59.2395 35.4285 0.681636
57.6335 50.3718 0.728278
58.0616 46.9449 0.617901
58.6403 43.3008 0.452906
57.1224 40.6613 0.645178
59.9724 61.9318 0.81335
63.3341 54.1857 0.574156
58.7728 39.4802 0.649612
63.1412 32.705 1.06323
83.3848 53.151 0.487358
66.588 36.9535 0.528201
67.423 35.6067 0.734373
68.9108 33.6443 0.723931
72.7384 47.4096 0.636596
66.2512 42.9118 0.515094
71.7613 34.0291 0.577304
70.5406 55.6985 0.605498
70.1149 64.7262 0.742043
71.6945 53.7532 0.669209
88.2012 56.5094 0.686254
71.6889 49.958 0.723435
