16.251 2.4e-05 0.300539
6.33077 0.000549 0.384686
7.22575 0.000134 1.05815
6.134 2.4e-05 0.41053
6.31012 0.000131 0.5272
8.335 0.000127 1.06249
7.24846 0.000211 1.43594
7.2126 0.000106 0.59755
9.3168 0.00013 0.854575
7.36662 0.000117 0.633822
7.67069 0.000142 0.727481
6.97469 0.000116 0.903077
7.26774 0.000122 2.14921
6.73574 0.000105 0.774358
6.24221 0.00011 0.731119
7.04183 0.000158 0.742428
7.44686 0.000435 1.12415
7.49824 0.00013 0.922776
9.34052 0.000153 0.940419
7.10205 0.000121 0.963341
7.38456 9.7e-05 1.00591
8.91395 0.000328 2.0408
7.35771 0.000179 1.04611
7.82663 2.8e-05 1.01357
7.79469 3e-05 1.01052
7.21417 0.000151 1.07812
7.22912 0.000159 1.07724
8.42298 0.000148 1.74472
7.33394 0.000155 1.32641
7.1778 0.000141 6.89101
7.39844 3e-05 0.982243
8.06339 0.000127 1.76164
8.41374 0.000145 0.986469
7.67318 0.00012 1.23859
7.44772 0.000118 1.00178
8.83845 0.000142 1.45717
7.59195 0.000267 1.03948
7.33515 3.6e-05 1.03744
7.48173 0.000119 1.18981
8.50198 0.000113 1.69944
7.70436 3.1e-05 1.2458
7.73577 0.000128 1.19268
7.46381 0.000171 1.16956
7.16221 0.000122 1.05372
7.21272 0.000133 1.19766
7.07731 2.3e-05 1.21488
7.44808 0.000127 1.09922
7.46404 0.000116 0.932114
7.93097 0.000124 1.42723
7.30524 0.000121 1.24279
7.95372 0.000127 1.54984
7.73411 4.71129 1.27735
7.94899 4.53592 1.12192
7.15086 4.29876 0.950421
7.46885 5.37068 0.647312
9.74423 4.80353 0.725294
7.69999 5.89066 0.901365
7.91696 5.59222 0.777094
7.76032 7.15428 0.976536
9.26724 7.0139 0.721627
10.3428 8.11092 1.9787
7.38192 8.56119 0.935427
7.08001 5.92505 0.695009
7.57784 6.62359 0.860607
9.06479 7.0737 0.823294
9.13777 7.41784 0.759903
9.21062 6.542 0.681281
7.59719 9.03945 1.07133
8.89693 8.93821 1.18751
7.55008 8.50544 1.20471
9.49166 10.8277 1.01671
7.80079 7.48603 0.686188
7.51497 10.1945 1.02736
7.30955 10.9889 1.56242
7.31084 10.4518 0.785779
7.34143 8.21147 1.03529
7.80046 8.15263 0.71166
9.61454 10.9972 0.769576
9.762 13.403 1.88776
7.34583 12.169 1.82258
7.03046 10.2661 0.902874
7.00811 10.9127 0.957392
7.90366 10.0714 12.9666
8.4581 10.1522 1.08566
7.5569 9.08096 0.720399
7.13399 8.81895 1.02656
7.70684 10.5919 1.52625
7.32468 9.15227 0.541532
7.28126 8.35937 0.686154
7.16806 7.3343 0.646164
7.93506 8.02883 0.571087
7.91373 8.08879 0.696679
7.83457 8.19028 0.82571
8.51974 9.17914 0.650651
10.922 8.69432 0.951096
8.84511 9.80882 0.938854
8.13011 11.6068 0.805114
9.19391 10.2937 0.71993
8.97806 8.94506 0.981627
7.88026 10.5224 1.28292
8.68078 8.12748 0.741729
8.43462 8.03017 0.570103
9.00627 10.7627 0.623394
8.72421 7.88565 0.539129
8.66394 8.09802 0.599804
8.45588 7.90862 0.593215
8.45324 8.75874 1.2604
8.72961 11.1047 0.785118
11.6892 9.09916 1.07351
7.72205 8.3611 0.550204
8.40307 7.63539 0.506395
8.42086 10.452 1.17486
7.82309 10.1792 0.500926
7.45017 8.08093 0.487009
7.91307 9.67917 0.637432
8.25874 9.63899 0.633845
7.27442 9.00132 0.491036
8.07116 9.79649 0.883942
7.29538 9.60508 0.77195
8.48785 9.06184 0.564703
10.5469 11.2297 0.720286
7.59049 7.89491 0.67328
8.17433 9.85121 0.468318
7.35386 8.33581 0.513935
7.47804 9.60071 0.616525
7.6592 7.17407 0.462488
7.61759 8.38815 0.464865
7.44146 9.09803 0.965151
7.49845 9.29939 0.48795
7.27414 8.58825 0.532194
7.26428 8.02975 0.46021
7.9983 10.4791 0.571149
10.975 31.3933 1.24058
7.46306 10.8577 0.716871
7.4957 9.77363 0.613293
7.47349 9.50778 0.736768
7.9146 9.33164 0.579187
10.7067 9.88288 1.0512
8.80373 8.25391 0.546141
7.94694 8.62488 0.490432
7.4116 9.38622 0.559645
8.03714 9.6758 0.563911
8.19858 10.8594 1.17041
9.37041 12.9704 0.858348
7.30131 11.0358 0.596961
7.5307 12.2639 0.564757
8.48002 9.87915 0.725258
8.32211 11.0655 0.477052
7.5849 9.16299 0.616833
10.1769 10.4707 0.617364
7.44285 9.03995 0.620627
7.72897 10.6336 0.678062
8.6957 9.86655 1.04941
7.57945 9.86028 0.925082
8.60326 11.0869 0.644361
7.73003 8.70058 0.835871
8.34814 8.77298 0.535796
9.6105 8.46453 0.593452
8.80245 10.0429 0.556287
7.95164 11.0849 0.572271
8.211 9.3965 0.815359
8.71098 9.19875 0.764618
7.45406 11.3541 0.530271
8.14238 11.0879 0.867871
7.64513 9.94475 0.517199
8.44513 12.0779 0.608871
9.35971 9.05014 1.15159
8.55897 10.5253 1.16855
7.9839 10.7516 0.995324
8.14548 11.1028 0.547809
7.83936 11.6602 0.725767
8.12346 11.5347 0.485445
7.98247 12.8738 1.16228
7.73933 12.2181 1.33707
8.609 13.6119 0.865883
9.00474 12.6049 1.10469
8.11805 14.2676 1.29715
8.16643 10.1483 0.485175
7.74809 12.904 0.702338
8.01809 12.3992 0.774722
8.0038 12.51 1.49924
7.82001 12.1642 0.747045
7.87437 14.4325 1.60215
9.41123 12.6796 0.841284
8.45135 11.2821 0.716508
8.91967 13.9812 0.582701
9.85791 13.5308 0.681975
8.64117 13.303 0.628303
8.29102 10.3854 0.579435
8.04701 11.7586 0.902248
9.65983 40.312 1.41734
9.10892 14.3955 0.60442
8.09976 16.8738 0.647382
8.6864 13.2378 0.678246
8.53535 12.9476 0.681585
8.07421 10.5096 0.586836
8.84344 10.7632 0.576524
7.84045 9.83472 0.742711
8.00208 11.844 0.597518
8.95776 12.342 0.664293
10.4686 13.7627 1.0299
9.53988 13.0124 0.758709
8.38614 10.9542 1.24287
9.6245 15.0379 0.897849
8.38465 14.4625 1.18253
8.99178 11.468 0.884046
9.74639 12.6006 0.915698
10.752 11.6728 1.58752
8.36983 9.94493 0.462112
8.64008 16.3044 0.683393
9.07201 10.1311 0.999762
11.3229 12.9317 0.82653
8.35076 7.98607 0.448729
8.87733 8.46081 0.457279
9.20508 8.56265 0.812053
10.3817 11.2499 0.856744
8.07741 9.56882 0.659897
8.39295 11.4429 1.2701
8.9729 11.8404 0.544529
10.704 8.73936 0.788507
9.82308 8.41401 0.560499
9.41306 10.3033 0.502052
9.83423 8.66432 0.493888
8.6076 12.9426 1.00088
11.0503 11.8463 0.617779
9.19378 10.1601 0.592613
10.1188 12.1529 1.34256
10.0499 14.6113 0.683431
9.9313 9.44503 0.463203
9.99827 13.0706 0.658196
10.7892 9.85331 0.92651
10.385 10.7298 0.632602
10.7084 11.1532 0.501047
9.84361 13.8243 1.09562
10.8825 12.6103 1.23465
10.2811 13.8134 0.821019
9.67941 11.6021 0.710551
10.754 11.0585 0.674086
10.5948 8.34892 0.506981
12.925 16.25 1.52566
11.6039 11.9149 1.0168
11.5405 13.8672 0.777491
11.2925 17.0564 1.01111
12.5681 16.8917 0.989999
10.5624 14.3538 0.833807
11.1075 14.4083 1.59377
10.6013 14.4948 1.80001
12.698 15.6118 1.50964
10.8914 15.1061 0.816378
12.8591 15.5769 0.76919
12.6638 13.9596 1.40555
11.4126 13.1912 0.709663
11.0592 16.1998 0.834397
11.4179 14.7637 0.710018
12.1415 13.9608 0.935722
11.5078 17.9794 1.19018
11.2826 16.3941 1.34125
11.068 14.0814 1.53463
11.1669 17.5893 1.77331
11.9895 15.657 1.15262
10.9028 15.8888 0.8175
10.8654 15.5855 0.741854
10.576 14.5226 0.711376
10.0816 11.591 0.909262
9.52225 12.8871 0.666247
9.76099 13.3532 1.10826
10.035 13.0567 0.752706
9.96959 15.3825 0.623311
10.2595 10.5627 0.883718
10.1867 10.6316 0.951146
10.1456 11.4063 0.53878
10.2313 12.3537 0.823507
10.389 12.3823 0.776073
9.80343 11.609 0.801008
9.73506 10.745 0.42301
10.2891 12.2385 0.717951
8.81597 13.4578 1.57143
8.67653 11.6816 0.453367
8.21675 14.0922 0.425402
8.14632 11.7809 0.432991
8.70518 10.6406 0.396701
10.3144 10.8803 1.0524
8.35589 9.85169 0.326777
8.50957 11.7499 0.810798
9.0879 11.4799 0.393245
8.43253 11.0239 1.07437
9.07204 12.104 0.640895
8.28676 9.12143 0.689043
9.96824 12.1247 0.590572
8.04742 9.40587 0.768435
10.7986 8.83365 0.811306
8.90038 8.43349 0.416805
8.88617 8.62669 0.388829
9.30043 9.27981 0.444872
10.2168 11.0354 0.795027
9.19245 14.9908 0.780493
9.48562 14.2784 0.894883
10.4593 11.9343 0.520634
9.60896 10.6235 0.608988
9.487 12.5351 0.815895
10.0235 11.7395 0.7538
10.3513 16.5671 0.634531
10.7589 12.0414 0.929129
12.401 13.2918 0.522124
10.7544 11.5783 1.40252
14.0109 19.6216 1.40554
12.0744 17.6225 0.737931
10.629 15.9912 1.00465
12.2808 14.2788 0.768438
10.6556 15.7426 0.702369
12.3682 16.0127 0.662969
9.89961 15.2665 0.579028
10.9267 12.4749 0.906893
10.0739 14.2227 0.608291
12.1595 13.5021 0.929411
11.3297 12.2581 0.69077
10.4343 18.3565 0.65254
10.5742 14.6334 0.690968
10.7568 16.7317 0.931829
10.3893 15.1713 0.788175
10.5529 17.8152 0.98381
10.4141 17.09 1.38965
12.1752 13.5306 0.874981
11.3811 15.2135 1.05416
10.4103 13.8016 1.24972
10.542 16.7835 0.701566
11.2259 16.4583 0.682936
10.5823 21.3967 0.902245
10.1512 16.3557 0.739897
10.8102 15.2247 0.623502
10.6032 14.1698 1.42474
12.4972 10.69 0.48828
11.3362 16.0223 0.76287
10.4387 16.5108 0.763691
10.2447 21.7345 0.808164
11.5368 13.0864 23.9019
11.6883 11.5914 0.505336
10.8832 15.0273 0.631504
10.6569 15.1203 1.09572
10.6061 11.9351 0.489283
10.3167 15.9261 0.723349
10.6926 15.8161 1.42515
12.8284 31.6198 1.08868
10.6589 16.5958 0.513633
10.7307 13.5933 1.45804
10.5962 12.8151 0.872968
12.325 16.4272 0.766635
12.2652 15.434 0.689342
13.8972 15.6337 0.653214
12.0041 18.9709 1.42314
11.497 17.1943 0.767781
11.5668 19.8585 0.745101
11.8077 19.1413 1.5564
11.5466 16.7215 0.864078
10.7783 18.1589 0.706643
10.5004 14.795 0.784701
13.5337 14.4059 0.766912
10.5993 14.0074 0.565941
10.7268 12.2689 0.576883
12.0167 13.409 0.779817
10.395 14.5013 0.73149
8.98954 17.1015 0.696645
9.07642 13.4488 0.759734
8.06686 14.3599 0.763911
8.69726 14.5253 0.54282
8.78109 16.4512 0.704302
8.69345 14.8054 0.702351
9.83151 14.384 0.972866
10.0609 13.8176 0.918498
10.3316 16.2188 0.707238
10.1247 14.2924 0.451103
10.1745 10.8584 0.440946
10.3865 13.5503 0.886922
9.8753 12.9303 0.75586
10.0231 13.3031 0.577732
8.98367 14.4392 0.4459
9.95876 8.9099 0.326079
10.5941 12.8442 0.39144
9.4178 12.9966 0.641453
10.5964 15.1835 0.651203
9.64655 13.4014 1.13624
11.5071 11.4882 0.472566
10.1839 11.578 1.21908
10.7907 14.4213 0.991361
10.5882 15.1864 0.564953
10.697 18.5644 0.680355
10.7613 12.4252 0.667786
10.4662 10.8476 0.682466
9.94804 17.3189 0.565359
10.6582 16.408 0.520969
10.8641 14.6837 0.763762
10.3351 13.725 0.880645
12.2821 16.5679 0.50913
11.282 14.3236 0.949141
10.6098 16.7716 0.995649
11.0167 11.8598 0.346726
11.409 14.229 0.570195
11.7146 12.3636 0.375372
11.9168 13.9665 0.404543
10.3778 17.1094 0.650089
11.0078 12.5038 0.516907
11.9537 12.5801 1.00453
11.042 12.7676 0.434234
11.3291 16.1079 0.767378
11.072 14.8118 0.623927
12.5765 14.3681 0.483724
12.209 16.4997 0.509016
12.1976 13.8241 1.18618
12.7989 15.8203 0.572009
12.2873 18.3132 1.16514
11.6913 17.7602 0.745139
12.2025 18.6054 1.20666
11.403 18.1325 0.547703
13.6814 18.7323 1.0334
13.5144 14.0825 1.12788
11.8938 20.2018 0.768546
12.5458 13.8829 0.568938
15.7318 24.7908 0.77699
14.3033 21.1559 1.12068
13.8471 20.516 0.813815
11.7576 20.1263 0.922024
12.133 19.686 0.813683
13.6209 19.6029 0.981518
12.6187 14.8714 0.732111
11.8657 21.3555 0.788221
12.7569 22.9374 0.931507
12.0534 25.3137 1.50786
11.5688 19.4635 0.804314
11.5847 20.3866 0.829628
13.4355 20.1828 0.944769
11.9406 20.6567 1.3181
11.972 18.7075 0.572096
11.4938 17.5891 0.540327
11.3508 24.7697 0.686482
11.1758 23.9152 0.664962
11.6466 22.529 0.600959
11.9274 24.028 0.886413
10.9792 22.3458 0.674309
10.869 19.1411 0.78287
11.0851 21.1495 0.634732
11.2409 26.1495 0.889385
10.7684 20.6371 0.901509
12.2334 13.452 0.839907
12.1741 25.4342 0.867165
10.5577 16.9161 0.597141
11.0765 16.4997 0.583751
10.4763 17.3516 0.602942
12.0338 17.9389 0.723321
10.9179 21.5767 0.719219
10.7784 20.5259 0.880461
9.26361 22.8307 1.15329
9.85121 16.9854 0.579185
9.93486 17.5765 0.763791
10.8165 19.1412 0.803742
9.42509 20.7759 0.777644
10.1704 20.2321 0.667017
8.47801 24.9142 0.933449
7.767 21.1885 1.45939
8.46557 21.3535 0.930363
8.82752 23.0694 1.06614
8.49872 19.9943 1.06654
9.61428 19.8262 0.911131
9.11936 19.8632 0.92402
9.34391 25.2626 1.00732
10.1348 20.1432 0.665277
9.95601 17.8882 0.658554
10.2191 17.5509 0.880754
10.1163 19.2951 0.902945
10.3921 22.3358 0.831822
10.4427 13.9575 0.946736
10.3398 21.2901 0.591702
9.0233 16.6458 0.481798
10.4169 21.0143 0.565791
9.88586 19.0537 0.481679
10.2713 18.9264 1.11804
10.8869 24.4012 0.652632
10.8609 23.9479 0.999024
10.3724 20.6672 0.613994
10.9184 22.5811 0.722358
11.0741 24.8269 0.78631
11.5171 18.6021 0.721511
10.3986 22.381 0.633398
10.2786 25.5742 0.679336
10.396 22.4603 0.708758
9.60819 22.6167 0.620422
10.3835 19.8899 0.883836
9.54821 26.0759 1.32654
11.8965 17.3385 0.564217
9.87299 17.981 0.556694
10.2113 23.6155 0.767877
11.3582 21.5251 0.815762
10.7989 18.9273 0.583178
10.3699 22.3167 0.778397
10.2918 24.3324 0.736899
9.91559 18.4595 0.812521
8.72542 18.1208 0.667977
8.8262 18.1081 0.601072
9.42377 19.5513 0.565601
9.65139 16.8836 0.907009
8.91089 17.4612 0.826952
10.7998 21.4022 0.706852
9.0501 16.086 0.440589
8.56451 13.2463 0.536387
8.4821 22.1039 0.614928
9.29553 13.7913 0.482955
8.2003 13.3167 0.312814
7.99186 12.6028 0.309871
7.47149 11.0818 0.433873
6.52934 9.25113 0.307344
6.39145 15.4824 0.367454
7.98789 14.5956 0.264469
6.52613 15.7085 0.386831
6.37319 9.58061 0.345236
6.3649 43.1528 0.613541
6.01314 11.2221 0.279296
7.84335 8.30538 0.208989
6.30017 11.2657 0.264323
5.53879 8.97549 0.199816
5.10089 11.7297 0.808004
5.75681 9.28683 0.238187
5.28109 11.5878 0.456205
5.02182 9.27573 0.301276
5.17592 12.0108 0.525834
4.80114 13.3283 0.400864
6.57055 12.1258 0.363959
5.98197 10.1088 0.203077
4.24241 5.85303 0.343535
5.06337 10.0064 0.247171
4.80986 9.694 0.227201
4.58676 9.14273 0.282004
4.8415 11.7634 0.295475
4.89824 8.72063 0.567412
5.27289 11.2584 0.447473
4.68071 11.1141 0.284221
5.15017 8.27236 0.311958
4.85585 12.8309 0.276017
5.29901 10.3274 0.478022
5.04534 9.87763 0.439207
5.00045 11.6392 0.472174
5.39032 11.8659 0.238947
5.39869 11.0102 0.228453
5.16044 12.3492 0.393107
5.20738 12.7171 0.277389
5.757 14.5954 0.307187
5.07599 14.9017 0.619345
4.97213 13.2846 0.284409
5.14541 12.0078 0.272755
6.62673 17.3382 0.976718
5.88831 15.3125 0.67689
6.10615 13.594 0.279702
5.64707 17.2684 0.531363
5.96824 17.5016 0.562592
6.0877 16.9073 0.912056
5.74385 13.0404 0.368113
5.54846 16.264 0.369569
5.92228 12.9181 0.454455
5.39098 9.92214 0.352882
4.60682 10.892 0.258095
3.74331 0.559572 0.00661
3.96666 0.360172 0.004065
3.83048 0.221833 0.000662
3.80804 0.219117 0.000429
3.71761 0.240233 0.001224
4.49837 0.116727 0.009099
4.28035 1.14719 0.015672
3.97574 0.385779 0.007341
4.38471 0.24984 0.002345
4.28986 0.621483 0.027628
4.77371 1.00709 0.013556
4.70688 2.65824 0.065588
4.85908 2.1715 0.06134
4.32608 0.926655 0.035308
4.25936 2.38409 0.077996
4.47009 3.02338 0.118192
5.2545 3.82769 0.201505
4.90927 5.80379 0.27604
4.49839 2.79267 0.144951
4.35684 4.16511 0.091388
4.33278 3.44827 0.164888
4.1297 3.27441 0.127511
4.37384 7.46324 0.638751
4.63741 9.08145 0.273413
4.32295 8.8575 0.541605
5.199 9.20353 0.168044
3.99884 7.01362 0.267406
4.16471 11.9894 0.320945
4.46422 9.45269 0.234572
4.52843 11.2746 0.248484
4.45443 11.9782 0.451007
5.1159 14.198 0.335086
4.33713 11.094 0.500975
4.5787 13.3003 0.290645
4.72039 12.0144 0.270905
5.40706 15.7644 0.346988
5.27738 13.8438 0.319805
6.24513 12.9685 0.268804
5.00406 11.3846 0.271839
4.70596 11.7048 0.265048
4.91642 14.8656 0.569545
4.5295 10.5862 0.215413
6.73986 11.7986 0.756759
5.58047 12.4171 0.315538
5.3581 13.8322 0.96703
5.1093 15.9053 0.581721
5.88198 14.0109 0.871911
5.40625 14.5731 0.635035
6.1789 16.1676 0.28456
5.30399 12.637 0.300906
6.10424 19.0712 0.559848
5.97489 20.5835 0.356664
6.94128 19.1591 0.36797
5.71941 19.3464 0.726295
6.25467 16.7723 0.40086
5.93248 17.94 0.439601
5.03289 15.205 0.349902
4.66054 10.7921 0.270672
4.85701 9.90766 0.186005
4.91484 11.3363 0.29475
4.58809 11.2222 0.231833
4.16528 10.3472 0.390609
4.98698 18.1619 0.315293
4.63483 13.8493 0.486786
6.89377 15.9798 0.320155
4.58137 12.1126 0.246993
4.40145 12.3212 0.293659
4.31106 13.4864 0.477303
4.77651 13.8951 0.285362
5.82802 11.5087 0.708927
4.15202 10.897 0.303376
4.40983 12.4061 0.51603
5.84236 11.8482 0.803955
4.43707 12.5526 0.499034
4.55053 10.9707 0.263058
5.01119 11.7843 0.39465
3.88792 10.6526 0.297427
4.5244 9.58974 0.215646
4.07246 11.5414 0.326434
4.06161 10.7177 0.352679
3.97265 10.9548 0.363071
5.15687 15.3593 0.780085
5.00389 16.982 0.501548
7.24742 17.2143 0.3621
4.98002 15.4215 0.356871
5.19947 13.7617 0.357924
5.38944 13.1702 0.286323
5.73359 16.8097 0.642186
5.35595 18.1396 0.392218
5.40475 17.704 0.781013
4.5867 14.1729 0.567451
5.56958 19.0115 0.417093
4.92495 4.97951 0.19817
4.56106 7.13524 0.2034
6.03237 17.1995 0.559228
5.92829 9.77705 0.347118
4.78147 8.70651 0.317177
6.20347 11.4739 0.233114
5.1682 9.00588 0.176635
5.27945 13.9694 0.263643
4.94541 10.9065 0.216865
4.98973 62.2949 0.45598
5.35356 13.5457 0.31282
5.46455 10.9688 0.239419
4.72403 10.44 0.192931
5.57067 18.0891 0.325684
5.64863 21.4959 0.514806
6.63889 25.1992 0.659968
5.99319 9.5011 0.3285
5.18383 10.9803 0.773706
5.77635 10.367 0.323185
5.19403 10.8981 0.510729
6.53226 12.4607 0.362059
5.32201 10.0998 0.251929
4.84703 9.40459 0.237723
4.63641 11.4002 0.399607
5.18238 11.8664 0.397564
5.01655 8.86177 0.242406
6.76847 13.5236 0.383182
5.24729 10.4545 0.408221
5.54406 8.89473 0.757608
6.29689 9.85145 0.349166
6.0534 11.3768 0.280269
5.52699 13.5906 0.335813
6.1941 9.66822 0.578382
5.78642 11.7747 0.35011
7.79364 12.0873 0.237397
6.66154 10.4462 0.446698
6.73837 12.3987 0.540352
7.11462 15.2169 0.343107
7.93434 13.8116 0.393453
8.6785 20.0756 0.998657
8.40638 20.3395 0.503285
8.77298 25.0884 1.39083
8.7475 20.8463 0.582031
9.27052 19.7093 0.452457
9.96089 21.131 0.499166
11.0304 21.6149 0.499117
9.39796 26.4403 1.03744
9.84379 20.1502 0.653379
12.8369 43.3598 1.10651
10.3673 26.8879 0.704413
10.1464 20.6989 0.622758
10.7071 20.9976 0.593117
10.4768 26.5142 0.89444
10.6284 28.6255 1.36952
10.0814 30.8464 0.976489
11.2496 27.0836 0.712106
11.6979 26.9302 0.90702
11.3028 30.1759 0.644572
13.8501 77.405 0.79527
11.2587 22.5949 0.573178
12.1137 28.344 0.724839
11.0973 24.2024 0.698344
11.1802 29.7904 0.791738
11.4795 25.243 0.932813
12.3212 28.3254 1.37624
11.5627 25.0835 0.582874
12.4027 27.7952 1.04469
14.8873 27.9613 0.71638
12.0945 26.9388 0.74785
16.1241 31.1852 0.772902
11.9412 26.8223 0.855654
18.0634 27.6522 0.738149
12.8048 25.9662 0.671379
10.9931 25.016 0.72456
12.3715 26.3646 0.694501
11.874 26.4487 1.13557
10.0697 30.2382 1.12699
9.50162 23.3341 1.36335
11.1524 25.9618 0.935048
10.7902 24.4045 0.556902
10.4336 25.2616 0.945419
12.1726 20.9748 0.65632
10.5191 23.8687 0.920151
10.9035 22.5544 0.644463
10.7939 21.1583 0.644708
8.90581 21.7879 0.817436
10.6886 27.386 0.761415
10.1925 27.4985 0.730689
10.5229 20.1397 0.668376
9.81387 26.6836 0.805869
9.30525 22.108 1.10962
9.20202 21.618 0.632051
9.17535 23.8392 0.79219
9.31458 27.0101 0.6051
10.3119 17.0991 0.822996
9.18208 22.7135 0.794758
11.7182 21.5218 0.498358
9.68779 20.3173 0.614296
10.4243 22.3375 0.497914
10.9186 22.6153 0.45678
9.05884 20.7383 0.532881
9.95074 24.7403 1.10914
8.45011 20.0518 0.463611
9.62408 23.1856 0.91753
8.2206 18.1351 0.819886
8.53483 25.8803 0.697384
8.81358 24.3289 0.695215
8.31167 21.2927 0.709938
11.3668 25.0613 0.791298
8.37803 18.7825 1.0816
10.1496 23.0133 0.530396
8.9191 18.3225 1.11765
10.8445 20.0017 0.868238
9.29317 20.2933 0.515788
9.91003 19.5314 0.462651
10.0902 18.8141 0.496393
9.54806 17.2066 0.41021
9.06077 18.9653 0.41746
7.29018 15.7021 0.546697
7.78822 17.9554 1.02185
8.14134 15.0756 0.58775
8.67279 19.6668 0.612471
8.61056 23.1672 0.644353
8.58346 28.5179 0.918383
8.68572 22.5485 0.697136
8.83321 23.5884 0.488833
8.37964 24.4214 0.597302
9.31377 23.1974 0.77529
8.4235 20.1777 0.928722
9.13987 27.6215 0.804248
10.4142 23.3097 0.69075
9.44118 28.0632 0.647506
9.19232 23.5594 0.550739
8.58703 19.4596 0.520754
9.9524 25.6909 0.760988
9.56413 31.3136 0.688585
9.40647 20.8421 0.594934
9.71245 21.9082 0.502684
10.1943 24.7932 0.59559
9.99042 24.6836 0.618362
10.7764 22.9945 0.723504
10.4908 28.2072 0.810249
10.1036 30.4263 0.683211
10.1779 24.4369 0.875863
10.9363 24.1588 0.789018
10.283 21.1653 0.560901
9.95617 25.1995 0.788403
9.51806 30.8175 0.845704
10.1775 21.4536 0.61746
10.2564 18.7362 0.782894
9.93359 18.8072 0.699089
10.3409 18.4633 0.588513
10.1953 25.2095 0.623415
9.68765 21.7833 0.528926
9.74059 20.6164 0.75508
9.05894 21.439 0.477538
10.0461 24.9594 0.75729
9.31738 22.4615 0.726524
10.8947 28.8001 0.514862
10.1047 20.2561 0.464213
9.32791 21.9626 0.686756
9.98911 21.2248 0.393098
9.05078 18.4544 0.368327
9.23952 26.6845 0.703116
6.86545 13.4439 0.263083
6.9885 15.6405 0.376403
9.6307 22.7687 0.526347
7.57259 15.6875 0.475648
6.98116 12.0871 0.364913
6.0933 11.9427 0.585819
6.77498 14.4033 0.628729
6.26109 13.818 0.354204
5.95103 16.8705 0.968559
6.643 13.35 0.318612
5.32744 10.8041 0.515239
6.79728 17.371 0.702371
6.19283 14.8419 0.325126
5.79894 14.8165 0.373096
7.58867 13.3377 0.463578
7.51564 15.3028 0.34656
6.34571 11.0535 0.413539
3.73565 5.00251 0.171051
3.81954 4.96394 0.180577
4.62151 8.66763 0.243672
5.15757 9.42836 0.233793
5.00453 7.51258 0.211858
4.1449 8.8847 0.571961
4.13141 2.99372 0.112725
4.13813 12.485 0.373458
5.21114 11.2145 0.430328
4.01874 0.674596 0.011294
3.98979 0.632189 0.012898
4.59637 6.34204 0.257899
4.41931 0.255818 0.021538
4.27987 0.143771 0.000326
4.05742 0.189983 0.000179
4.80539 14.8858 0.211803
5.01733 13.9321 0.23429
6.27522 7.62793 0.427597
4.75387 11.0161 0.17916
3.18691 1.10738 0.000103
3.40728 0.22306 0.000663
4.79334 0.127744 0.000507
4.42444 0.26776 0.009833
3.16217 0.341206 0.017554
3.17972 0.064724 9.4e-05
3.02512 0.061372 0.000149
2.92838 0.054257 0.000166
3.11717 0.848301 0.016938
3.6922 0.321708 0.010046
3.63639 0.988796 0.016899
3.76178 0.393034 0.003137
2.81006 0.058246 0.000336
2.69775 0.09765 0.000312
2.6506 0.240301 0.000324
3.51345 1.33333 0.010028
3.27473 2.25025 0.024889
2.87583 2.01051 0.011338
3.68298 4.87242 0.176624
3.11102 2.9044 0.078449
2.94007 1.61279 0.019047
3.34429 0.068235 9.6e-05
2.45933 0.05836 0.000179
2.92948 0.192195 0.004772
2.65498 0.061117 9.1e-05
3.6803 0.065619 0.000192
3.59046 0.069672 0.000215
3.04557 0.062576 0.000306
2.96093 0.070374 0.000273
3.55088 0.079862 0.000146
3.69133 0.061931 0.000265
3.69226 0.21504 0.008159
3.20325 0.17597 0.00016
3.60917 0.108247 0.001138
3.97446 2.46347 0.068118
4.21297 1.73669 0.080241
3.35895 3.23053 0.110886
4.28987 1.23609 0.049819
4.13989 0.496355 0.00799
3.57315 0.586039 0.014438
3.5042 5.09335 0.244815
3.20451 0.783595 0.013769
3.25548 0.526542 0.01867
3.60477 4.86594 0.169678
3.62483 7.39115 0.217392
3.64633 7.31279 0.171413
4.08047 4.7727 0.176158
4.42971 1.55513 0.053015
4.35858 2.11049 0.03642
4.33502 3.24695 0.07042
4.03675 3.06192 0.058468
3.4224 3.37731 0.078439
3.68305 2.78334 0.037041
4.21686 2.07437 0.024249
3.66908 4.3591 0.152912
3.73098 5.85539 0.18905
4.45631 8.69322 0.233954
3.87599 8.5525 0.176173
4.80955 9.48323 0.237294
4.98799 11.4427 0.230086
5.07538 12.6342 0.203544
6.20105 17.772 0.466125
2.8611 9.90187 0.202946
4.75856 11.7064 0.277556
4.84792 10.391 0.293171
4.87161 12.1101 0.276892
5.34811 17.2057 0.268841
6.12461 8.65709 0.165175
4.11771 13.163 0.332038
5.9241 14.0746 0.409219
5.44163 17.807 0.300917
6.83622 14.0513 0.17122
6.984 15.7573 0.439186
6.86173 22.3219 0.64968
7.17072 14.8249 0.664809
7.23383 17.3573 0.558616
6.2225 15.0633 0.715851
6.22488 18.005 0.813283
7.9149 22.5076 0.589948
7.18402 23.5837 0.751353
6.60101 20.6727 0.549953
7.40744 19.9043 0.477883
7.37587 22.2059 0.497886
7.04108 28.8442 1.2297
7.32395 24.4622 0.710598
5.5415 25.0302 0.455482
6.88099 31.3108 0.498718
6.42433 23.4823 1.00067
6.11627 27.3953 0.588706
5.46175 25.2474 0.768362
7.09819 27.2941 0.601533
6.29959 27.6024 0.681287
6.90315 28.8016 0.785028
7.39783 29.2769 0.525998
6.90182 26.2605 0.595444
6.8446 27.3315 0.6737
6.50258 23.7521 0.508119
7.1097 27.9788 0.816142
10.3508 33.5327 0.594394
7.22762 30.5949 1.35833
10.4939 39.2694 1.05832
6.98974 29.5906 0.597676
6.90085 29.2483 0.673498
7.89485 27.8121 0.628449
8.17392 23.2811 0.526995
8.46211 27.8743 0.874944
8.45322 19.8961 0.505929
6.16073 17.2431 0.466026
6.462 18.58 0.529018
7.29104 19.7602 0.705274
8.06618 18.1054 0.428016
7.98457 19.1947 0.62823
8.6021 25.1686 0.59948
9.38226 19.0603 0.42085
8.31734 19.4254 0.48687
6.76405 11.8725 0.341751
7.87417 17.9018 1.07055
6.6756 19.3685 0.656418
5.99086 15.9047 0.386724
7.57926 15.7984 0.692304
6.72432 13.7602 0.416841
7.22856 13.3233 0.327443
6.75746 13.6091 0.227503
6.71241 10.5025 0.237771
5.65733 9.70421 0.306385
6.26383 5.90746 0.296388
7.50421 12.0784 0.648976
6.67795 10.4017 0.201274
6.77893 14.1073 0.805222
6.55246 11.6601 0.387093
7.31521 19.6073 0.430367
7.49012 14.0851 0.451154
7.01953 8.58726 0.250772
6.55831 13.5835 0.315398
8.09637 12.3197 0.289695
7.10103 13.6487 0.453347
7.8874 16.9094 0.535821
9.33654 24.8189 0.664597
9.91713 18.9865 0.629557
9.76305 21.1602 0.45114
9.06131 17.5777 0.884486
8.89356 15.6388 0.465716
13.4721 24.7223 0.744457
9.3276 25.3448 1.42523
14.5828 32.0915 0.843261
11.5736 25.4274 0.683449
11.055 22.0363 0.890889
12.5575 26.5846 0.971142
10.5643 29.4797 1.83892
12.1667 23.0112 0.867281
10.7632 19.8873 0.662568
11.1103 23.7569 1.43023
12.9776 54.4016 0.824638
11.6757 24.805 0.980634
12.5522 29.8949 0.906441
12.8168 34.0766 0.770927
12.9744 31.9211 0.549046
12.2772 24.5498 1.03147
13.9432 29.8551 0.884906
13.1363 29.247 0.586182
12.0599 31.324 0.580277
12.733 26.7404 1.1367
11.7608 38.2429 1.21098
20.6517 27.0078 1.40016
15.2976 33.396 1.3862
14.3237 32.2378 0.757147
16.5072 45.1251 1.35217
13.3265 33.2166 1.30625
14.7636 28.1315 1.26543
14.9904 33.3238 1.10489
14.2689 29.5926 1.09468
13.6569 25.9673 0.79592
17.2467 26.4771 0.658772
13.7802 31.8092 1.02385
13.0998 23.7183 0.576498
12.0055 23.4953 0.569141
12.5349 23.3346 0.609418
11.2314 30.6657 0.742983
13.5137 23.3537 0.615068
11.6184 24.0415 0.626962
12.6636 21.4231 0.534818
11.2229 19.3964 0.565054
10.5273 22.0995 0.522543
10.0515 22.6103 0.79272
11.9771 27.154 0.835549
12.292 25.4644 0.912403
20.2077 49.9999 1.50607
12.1879 22.4649 0.814769
10.3771 25.6328 0.792097
11.5371 20.8275 0.500657
10.8352 14.7176 0.410753
14.0274 21.5552 0.607049
16.7292 26.8673 1.0082
13.9429 31.9517 0.944231
13.9574 23.32 0.572997
13.0799 23.4443 0.452107
12.2221 22.6337 0.503283
11.7771 24.3177 0.657255
11.3469 27.5999 1.09166
14.3893 30.6092 0.561946
13.2159 19.2389 0.548699
13.0644 25.7917 1.06787
14.0815 28.4611 1.16333
12.6649 27.28 0.621143
12.4617 32.2513 0.850147
9.85781 21.7975 0.526692
9.84489 16.0141 0.379781
8.25548 20.7082 0.622374
10.2652 30.362 0.983535
9.05606 24.8681 0.527908
10.8607 27.0409 0.566669
10.0984 29.8534 0.745421
11.4611 24.237 0.522706
11.3341 26.7035 0.571522
12.1842 21.0139 0.521239
11.1041 30.2583 1.26804
12.1622 26.4366 0.764499
11.7202 31.2783 1.15761
10.8897 23.3487 0.51663
10.859 29.3341 0.778935
11.2852 29.117 0.648205
10.4794 33.5264 0.673732
10.3823 27.3003 1.16803
11.203 26.81 1.11324
7.99793 20.4614 0.831028
10.5803 26.7024 1.08783
10.2646 26.8827 0.535849
12.6751 31.2439 1.30134
11.4495 30.7346 0.814163
12.94 25.4549 0.531106
10.9438 23.9031 0.563147
9.62889 17.8444 0.408238
10.617 15.0042 1.03873
9.50707 15.3452 0.359925
10.7695 26.6504 0.64557
11.5655 25.4226 0.665026
10.4385 19.454 0.624394
10.1854 23.6189 0.568441
11.6408 28.2692 0.759676
11.5973 22.3131 0.467428
10.2263 22.5895 0.819015
10.871 25.2911 0.778829
8.87531 23.4418 0.533406
11.0798 20.4657 0.514224
8.75016 22.0345 0.667468
8.79737 22.405 0.796819
8.68874 16.9741 0.360176
7.80955 25.2949 0.773907
8.4155 37.7109 0.91242
8.70254 19.0924 0.510318
8.49398 31.1946 0.830435
8.52051 23.4087 0.550612
7.77892 23.1072 0.539513
8.2939 33.0071 0.881431
7.67158 25.0234 0.576901
8.59693 29.8417 0.723231
7.28888 30.4137 0.813463
7.8954 29.4432 0.799897
7.7416 28.5899 0.860199
6.91425 22.4034 0.919638
6.44145 20.5593 0.470563
8.46875 19.8375 0.792379
6.1124 16.6272 0.502992
6.10959 13.2048 0.636695
5.28028 11.3895 0.244135
4.67705 15.3091 0.53523
4.65293 11.8701 0.48332
6.82177 14.6043 0.331356
4.86563 10.8419 0.233035
5.61473 11.6569 0.377989
6.26424 16.0597 0.409545
6.90213 16.8964 0.351295
7.90206 26.864 0.656103
6.17885 19.9461 0.528164
6.41803 18.2479 0.493427
6.17523 19.1348 0.386169
6.96881 18.8925 0.427942
7.56111 16.3166 0.979177
6.98004 17.3585 0.472863
8.2195 20.796 0.571361
6.25154 17.6274 0.325483
4.92483 17.393 0.388829
6.94292 15.8137 0.431946
6.24602 22.3956 0.605375
6.28882 20.9206 0.565278
6.59994 24.5687 0.560626
6.7701 19.2079 0.407868
6.91077 22.0222 0.540858
6.13194 21.5801 0.537263
7.1528 31.4034 0.947475
7.85282 24.5451 0.481023
4.92481 23.5703 0.798398
5.34379 15.0839 0.462454
6.35405 17.6266 0.400033
5.35763 16.7703 0.556888
5.1447 25.1587 1.20689
6.44221 20.2562 0.843684
4.82737 13.0229 0.364355
5.96451 17.7157 0.457591
5.48402 18.6864 0.397174
5.56874 21.553 0.420547
6.04864 14.5798 0.511165
6.32793 20.3572 0.412767
6.83203 22.5931 0.590922
7.41819 17.413 0.84822
6.21766 15.7195 0.448305
5.42604 15.5793 0.335237
5.84892 14.9625 0.390126
5.86768 19.2321 0.381943
6.1655 15.67 0.307585
6.04105 20.531 0.537059
6.19734 63.829 0.706749
7.65784 25.6919 0.486143
6.56502 19.9048 0.28003
6.45052 23.6128 0.69721
5.47054 24.6827 0.470191
7.3077 22.0484 0.361438
8.45853 31.4295 1.12207
7.41364 26.0478 0.575531
7.22023 29.7991 0.748033
7.50299 24.5201 0.633391
7.89173 28.3623 0.460828
6.29814 18.4627 0.795776
7.41373 23.8165 0.478162
5.65147 19.7183 0.70525
7.4021 27.2412 0.703752
6.67534 27.3648 0.638042
5.18377 19.8748 0.743605
6.63304 21.4822 0.404296
6.42138 32.6848 0.654401
9.41452 30.9958 0.696827
7.47008 32.3126 0.601199
8.12972 85.7629 0.921547
8.42021 37.1819 0.764502
6.11339 32.4885 0.575048
7.24598 32.3195 0.600037
6.4957 30.617 0.657292
8.44898 60.6892 0.855261
6.76279 27.8584 0.38076
7.61611 26.3826 0.525804
6.58368 26.2265 0.413439
7.47858 27.736 0.881281
5.45949 41.8972 0.491026
7.1573 27.3479 0.738073
7.26837 22.5744 0.428464
7.77133 31.2207 0.576965
6.69482 28.1298 0.726144
7.21295 31.3575 0.7101
6.57653 19.8433 0.419285
6.44523 15.6714 0.560918
6.45082 23.9327 0.419768
6.87483 25.6793 0.517557
5.97084 24.0956 0.495059
7.02688 23.1898 0.617564
5.96368 17.3253 0.367898
6.71003 19.9136 0.463863
6.87071 19.2434 0.700498
4.95019 9.60699 0.234311
5.97391 20.2414 0.407323
6.40763 16.8145 0.516614
3.71935 6.72863 0.129853
5.74266 24.4338 0.541004
4.85526 15.3393 0.390432
13.4508 51.2214 0.732025
7.00444 20.302 0.46664
8.26455 11.5583 0.195863
4.39259 4.82994 0.128638
5.63051 18.9796 0.434689
6.56167 22.5501 0.409357
4.00451 5.01491 0.155916
4.84943 21.855 0.52481
3.72195 7.46259 0.164238
3.84507 6.85918 0.146042
4.21685 6.60745 0.147393
4.26111 5.64834 0.125133
5.38834 22.1532 0.708896
4.85914 5.41048 0.153429
3.2927 9.46253 0.203535
3.28475 10.0803 0.237985
3.6011 5.00098 0.078567
4.07726 11.8988 0.200444
3.5744 5.34581 0.154332
3.87667 8.81519 0.167835
4.09164 9.69008 0.161004
4.17966 8.28699 0.131641
4.63106 5.90443 0.07572
3.92953 6.37572 0.119321
4.33023 7.58081 0.123888
3.88805 9.30743 0.192449
4.31393 8.41457 0.213798
3.11988 8.3746 0.153132
3.13486 7.81247 0.094586
3.33787 6.6637 0.087185
4.12126 8.14755 0.15943
4.58211 7.47437 0.16
4.07508 8.8792 0.17308
4.05337 9.76907 0.191423
4.02503 9.62705 0.23616
4.19495 9.61186 0.246383
3.92742 10.4404 0.239664
4.07662 10.5293 0.219798
4.17937 9.55722 0.257961
3.43674 10.9251 0.182785
4.23947 11.6295 0.237668
4.61949 10.3916 0.288017
4.48767 11.5489 0.25867
4.83791 13.7423 0.278025
4.19715 8.44616 0.166594
3.80038 9.67678 0.259862
4.74813 18.1724 0.474192
3.74709 9.75066 0.28383
4.55652 12.7765 0.274614
4.44059 16.0898 0.581006
5.00283 11.4881 0.239518
5.01092 14.921 0.289485
4.18737 13.9528 0.303544
4.48118 14.8898 0.238441
5.35764 17.5652 0.449437
4.64785 11.9243 0.284325
4.35863 11.3993 0.201499
4.93492 22.2932 0.391548
4.62848 11.206 0.211933
5.1952 15.4189 0.358021
6.35289 14.327 0.289693
6.21111 21.1118 0.460296
6.06084 21.8695 0.36979
6.62178 22.1385 0.383607
5.98779 26.5492 0.717851
7.21578 25.0782 0.547549
7.19224 18.5855 0.436621
6.4895 20.3189 0.419968
6.46777 16.0554 0.33558
6.96887 20.0448 0.388004
7.13799 25.2334 0.501799
7.64669 23.2516 0.587829
8.40547 25.2577 0.537263
7.83712 31.9004 0.811703
8.05541 26.3285 0.49324
10.2806 27.3724 0.493804
9.45467 24.1283 0.50589
11.2314 37.6738 0.889752
10.4862 32.3114 0.551725
8.87024 25.2267 0.524276
9.76351 30.8758 0.484621
9.53095 25.7376 0.506047
9.98536 31.17 0.653518
10.8601 28.0469 0.56397
10.132 38.2304 0.97205
9.35793 31.6187 0.641408
8.96773 27.7295 1.04787
9.38878 30.7104 0.73469
9.90835 34.2047 0.617666
10.3674 38.2114 1.04404
9.43347 39.2064 0.75036
9.97817 34.9069 0.684287
10.2248 37.2485 0.837298
11.9156 38.1187 0.768803
10.9358 39.2949 0.823107
9.63353 43.4218 0.9371
9.33133 26.2784 0.709427
9.74331 40.072 1.00947
9.91037 41.4179 1.19754
9.83676 31.5827 0.947467
9.87192 39.8018 1.2966
10.7472 34.3528 0.691024
13.7513 43.3467 0.867085
10.4797 36.2526 0.746277
11.4133 34.1438 0.630659
11.1976 34.6979 0.661633
10.2671 33.6799 0.619156
10.1556 35.0888 0.719105
10.5656 35.2737 0.663775
9.99701 35.8162 0.676187
10.9199 34.9627 0.722177
12.7676 37.1993 0.754835
11.262 40.3604 0.856706
10.3742 39.3681 0.935416
10.673 42.0494 1.18641
10.2308 39.2054 0.76935
9.71967 34.9633 1.04422
9.44177 30.8724 0.816755
9.75485 29.8488 0.593034
9.28786 33.6405 0.585154
9.59919 37.3122 0.920082
9.43668 28.6508 0.55623
9.27252 25.5024 0.605236
11.4191 28.8472 0.718942
8.55799 30.2092 0.75707
9.92025 28.8755 0.501407
9.48431 24.2208 0.417682
10.9546 25.656 0.722901
10.2516 31.9889 0.671856
8.35385 27.6764 0.658782
8.63471 26.3835 0.406963
8.58172 21.2389 0.35417
8.43724 21.0756 0.304478
9.15021 25.2283 0.526818
7.85743 25.7396 0.462016
8.73071 20.9096 0.503014
7.92342 22.2242 0.450809
8.42421 17.5319 0.445459
7.54609 17.9264 0.597288
9.0165 22.9722 0.492086
8.13475 19.4222 0.428039
7.97331 27.7591 0.714261
7.97253 20.698 0.413998
7.45455 25.7773 0.498314
7.59842 30.5975 0.732374
7.52819 19.0876 0.421765
8.06189 25.7264 0.569079
8.6637 22.9128 0.559952
8.7135 25.2307 0.542915
9.25172 29.0247 0.580921
7.33084 22.7813 0.402334
9.14731 27.5593 0.548343
8.04905 26.0271 0.544698
9.56438 21.096 0.515211
9.68746 26.7518 0.545285
7.70333 25.5223 0.523112
8.47105 29.8565 0.558692
12.8807 30.2969 0.900849
9.83867 23.813 0.516433
10.3386 29.0523 0.841225
10.2223 26.4083 0.594406
9.11212 29.847 0.800944
6.97048 22.5509 0.422789
7.15 24.418 0.689582
8.37657 19.6289 0.61781
7.51781 17.3615 0.367737
7.15832 24.5092 0.635772
7.15243 19.0324 0.989031
7.09157 21.4522 0.447191
7.50784 24.1822 0.439341
8.49317 19.1669 0.390361
7.35147 20.6639 0.601757
7.65268 24.6138 0.359924
8.167 22.2606 0.435564
7.93545 24.7157 0.640673
8.13755 23.3225 0.509856
8.08492 22.7252 0.469388
8.65038 28.6236 0.601369
9.65124 26.8298 0.477976
8.14601 25.5891 0.647106
9.01512 24.3867 0.505565
8.24058 25.306 0.710827
9.52511 31.3514 0.746211
9.47966 25.3346 0.453732
8.77539 19.3729 0.537804
8.65503 21.7176 0.654022
9.02443 22.8752 0.574623
8.52514 29.137 0.815812
9.67171 20.591 0.378764
9.79581 30.893 0.600716
10.512 23.6647 0.531376
9.72257 21.491 0.636814
10.4862 21.8368 0.466449
9.81015 25.4641 0.696304
10.1754 28.4561 0.516694
10.8285 28.9833 0.565201
10.9686 39.4032 1.06684
11.4786 28.1492 0.61431
10.5595 37.1727 0.934947
10.9222 36.8781 0.881827
10.1466 40.643 0.866376
10.8342 35.9129 0.698305
9.82126 36.262 0.875492
10.773 24.5911 0.618141
10.8251 27.2705 0.641759
14.1566 31.9134 0.541235
9.70687 32.771 0.845945
10.1449 27.1204 0.591391
11.9035 32.6377 0.955702
9.43467 22.5205 0.569285
12.2047 36.5586 0.751819
11.1183 29.4093 0.717488
9.63429 32.516 0.819629
9.36261 29.2085 0.598076
9.42406 35.331 0.887439
8.81459 35.7329 0.788271
9.09291 34.5693 0.853279
8.67054 36.9601 0.887725
9.16282 22.4845 0.534907
8.9381 26.4751 0.556743
8.90555 30.5642 0.488639
8.38528 34.6684 0.702337
9.78143 42.7208 0.819647
9.16563 29.9927 0.571855
8.90418 27.1838 0.456948
8.48077 27.2994 0.669502
8.99661 27.9027 0.463868
10.2383 29.3701 0.867654
8.46178 23.8759 0.639408
9.64596 28.0417 1.10015
9.29714 27.1044 0.522148
8.67847 32.1214 0.685464
8.31991 28.8381 0.689344
8.32222 30.5026 0.896367
9.16353 27.5754 0.668124
8.43361 27.0582 0.570254
8.41047 30.4696 0.789097
9.4821 31.0868 0.764426
9.58229 30.5393 0.931511
8.95994 23.1844 0.594481
9.87594 27.9944 0.521437
9.84096 32.2483 0.516633
8.87951 27.6445 0.550608
9.382 36.7394 0.678678
8.87992 28.0116 0.638981
9.71406 31.8574 0.735496
10.1373 29.5984 0.751653
12.7074 26.3471 0.555255
10.9154 32.301 0.881126
12.4054 36.1077 0.836967
12.1629 44.1949 0.736102
11.5211 32.6094 0.547362
9.25882 32.0072 0.71296
8.98473 31.4274 0.465863
9.92397 41.9627 0.745518
11.559 36.0887 0.832188
11.2521 31.3236 0.543962
9.38604 26.2667 0.425487
9.84854 27.6494 0.608565
8.98601 31.7069 0.589483
9.28136 26.1875 0.96835
9.31135 33.8973 0.569033
8.82719 32.2663 0.821666
11.291 41.2021 0.588009
9.31256 42.8931 0.859144
10.4842 35.0409 0.761436
11.3284 33.538 0.742279
9.44697 38.9523 0.887028
9.14593 36.4697 0.705312
9.46259 38.1279 0.704612
10.512 40.0189 0.922316
10.5415 42.6619 0.887276
10.1028 38.3769 0.86796
10.1958 37.9224 0.637419
10.4069 41.2302 0.772447
10.5057 39.0674 0.929537
12.1319 43.2197 0.880811
11.0035 40.6343 0.700412
15.2189 66.78 1.01377
18.6246 92.4398 1.02023
12.168 53.542 0.89775
11.6074 48.2098 1.68793
13.0296 43.0782 0.886797
15.9004 55.7933 1.29776
15.4741 48.6326 1.59857
13.712 49.5798 0.975082
16.4215 69.72 2.00611
15.7619 79.3426 1.28545
16.6322 61.5351 1.24914
14.6108 65.6078 1.26512
13.7499 51.635 1.00118
12.3653 52.9386 1.18621
11.5856 50.1574 1.22243
11.0548 48.5891 1.1848
11.9759 47.5187 0.843072
12.2327 50.1013 1.0184
11.8941 36.5132 0.786707
13.332 42.6106 0.772635
10.4496 36.5638 0.805611
11.1155 46.3937 1.19719
11.3872 37.4183 0.864761
10.6984 40.9378 0.860739
10.9254 28.4058 0.581472
11.3616 38.4865 0.734385
12.3941 36.3566 0.64025
10.5364 41.5267 1.15093
10.003 33.1454 0.761708
9.63386 48.042 1.16547
9.63715 35.4114 0.852927
10.1871 30.3323 0.546941
10.4687 27.6097 0.580581
9.43453 33.5835 0.559062
8.30357 23.7313 0.427739
8.6016 38.0622 0.842676
8.66969 32.6955 0.60416
9.22962 31.6778 0.556638
8.36527 35.2651 0.857382
8.49904 24.7757 0.601576
8.20568 27.4038 0.542769
8.65248 34.5866 0.663438
8.1038 31.0709 0.653419
7.90627 26.5515 0.502099
8.29484 30.9723 0.426127
8.47771 27.5188 0.625612
8.08693 33.2753 0.586315
8.39725 39.2661 0.791398
8.92115 35.565 0.889948
10.2288 28.6765 1.0372
10.2597 37.5226 1.27834
10.2332 23.2525 0.565791
9.52075 36.5291 0.663308
9.82404 34.5127 0.890164
11.1029 33.5525 0.452748
9.62174 21.923 0.783493
10.9976 30.5767 0.735472
9.58139 30.5147 1.06337
9.52731 25.6627 0.488388
8.83335 20.2676 0.391264
8.82134 29.5221 0.621618
10.557 30.4181 1.09089
9.69956 29.0768 0.661076
11.2536 22.4917 0.504052
9.24266 15.3589 0.70316
10.5006 25.4218 0.797915
8.83133 27.6053 0.423879
8.18616 22.8394 0.568134
8.84039 21.7106 0.472041
8.05818 23.7132 0.469851
7.44205 23.4735 0.384755
8.05427 25.5939 0.392993
7.97302 22.4808 0.476061
11.5877 23.5379 0.403973
11.4539 29.3158 0.718499
13.3024 31.9408 0.798283
11.2484 27.3533 0.604419
10.4113 29.6406 0.461295
9.50509 26.5243 0.559437
11.0578 25.2531 0.50906
9.96473 33.1894 0.713119
9.47568 28.0793 0.590899
8.50762 29.9858 0.470437
7.93058 25.6011 0.531726
8.53763 27.0431 0.989145
8.85261 28.8451 0.630017
9.54382 25.0885 0.518783
8.6323 21.4351 0.447265
9.90411 27.5423 0.426873
9.18461 28.7598 0.67495
9.29986 29.6476 0.697383
9.75298 20.4197 0.494744
10.4362 27.1897 0.603595
9.68763 28.1676 0.635355
9.77722 29.9689 0.692102
9.67729 37.7096 0.744551
13.5304 34.3458 0.757863
11.7272 34.7257 0.58232
11.023 25.0919 0.669833
12.7998 31.7534 0.57549
12.1527 30.6077 0.460058
11.7585 25.0034 0.523585
13.1127 31.7893 0.503835
12.4163 26.2059 0.831247
13.5155 34.4832 0.801749
12.0961 30.3459 0.627173
11.9032 25.7734 0.601359
12.4239 42.9132 0.91449
13.8214 35.9507 0.85827
12.6632 33.4226 0.958577
12.7481 42.3484 1.02897
12.3339 31.5823 0.818653
15.4002 28.7814 0.664736
12.6604 33.3455 0.646538
12.9115 35.3949 0.749314
13.4288 37.2247 0.795841
14.7407 29.9481 0.938454
13.9078 36.6066 1.03147
13.5678 37.0676 0.789942
14.0611 42.5332 1.07751
13.3597 37.5988 0.849577
13.7866 38.3577 1.03726
14.9817 37.9965 1.39194
13.9339 37.174 1.08225
13.2802 36.7549 0.792375
14.3081 24.0468 0.596869
13.97 36.7802 0.675578
15.1567 38.7463 0.809884
16.2679 35.4658 0.836646
17.8529 72.894 1.12247
15.4845 36.457 0.856841
15.3618 35.0879 0.857611
15.6522 42.5355 1.09679
16.031 46.4483 1.0788
16.4379 43.3694 1.04168
14.7705 40.7274 0.968607
16.647 35.088 0.779382
13.7133 37.7612 1.03851
14.8411 36.8775 0.941712
15.1751 31.0613 0.788915
17.1092 39.3723 0.79894
13.7107 42.6046 0.967839
14.405 36.8388 0.911372
15.8852 37.4452 1.56231
16.1451 32.8542 0.896797
12.1912 31.625 0.75455
14.155 40.7072 1.06117
12.9212 29.3749 0.784815
14.0863 31.314 0.574085
13.3675 36.2649 0.722408
13.9681 41.6705 0.978359
14.8416 40.1439 0.868258
14.1245 33.7493 0.786493
14.886 42.5463 1.11769
13.4076 36.3327 0.849845
15.1301 41.1734 0.83701
14.2412 33.2171 0.854384
12.9633 32.996 0.643985
13.992 40.52 0.838512
14.2643 34.4113 0.776422
14.6787 41.4866 0.964763
12.3811 32.63 0.599948
13.8961 39.5467 0.862956
13.8162 28.2327 0.67042
14.2896 40.1613 0.803984
13.8959 31.1767 1.00623
13.7911 29.7105 0.626723
14.8612 51.2716 1.3909
13.6827 28.2556 0.626215
14.1271 38.4054 0.732698
11.8135 79.3927 0.832231
16.7544 80.0191 0.937296
13.3987 32.9651 1.05621
13.1213 37.3342 0.611067
13.6808 50.4007 1.32925
13.6245 26.5909 0.986742
14.7017 39.6748 0.758672
13.2672 44.8645 0.997546
12.5154 43.0711 0.787786
13.5057 33.5989 0.807494
13.9346 34.6029 0.851394
11.622 32.8067 0.938661
13.1455 30.7142 0.764026
12.0351 36.7193 0.743623
17.9124 34.5979 0.974498
14.2156 38.826 1.05462
15.8812 37.6112 0.888687
14.5175 34.2932 0.597808
16.2101 37.5658 0.948068
14.4357 45.9981 0.750002
13.0031 37.7925 0.847018
14.3085 36.5304 0.838492
12.9366 35.7905 0.744787
13.6839 38.749 0.686435
14.7093 39.0958 0.850328
12.0262 46.9489 0.922548
13.4112 44.6867 0.843576
13.0513 46.271 0.836999
13.0841 46.7231 0.934394
13.0626 44.0888 1.05359
13.3687 45.7437 0.770855
13.7124 39.8242 0.856191
13.4376 34.5383 0.637257
14.4133 31.2859 0.74978
13.268 37.06 0.668342
12.0275 40.2837 0.74442
12.0792 29.8989 0.559022
12.8063 40.8511 0.743537
13.8785 42.2745 1.15417
12.0257 48.824 0.961729
12.7262 48.3159 1.23198
12.8399 48.6882 1.26252
13.2564 43.8988 1.302
12.1752 48.3597 0.905443
14.1133 52.7507 1.12903
16.1495 61.3771 1.14247
12.4892 46.3277 1.11191
13.4183 53.8507 1.23822
14.1093 51.6135 1.32093
14.6407 50.9131 1.20944
12.254 49.5306 0.933457
12.4555 51.7897 1.15991
13.465 45.2134 1.05
12.6156 37.0541 0.721769
11.8687 52.6495 0.858682
12.6911 51.6568 0.985833
11.5762 40.9331 0.869504
11.8272 46.514 0.82268
15.2956 80.7088 0.890611
12.157 44.9283 0.864333
12.3487 50.4193 1.06196
11.6132 42.3895 0.79609
11.6313 51.8494 1.15079
12.9247 51.3544 0.84887
14.2453 46.6223 1.12127
14.8078 52.8101 1.0259
12.6954 45.669 0.846578
14.5639 45.2876 0.835225
13.0785 45.1631 1.09386
13.2433 39.2405 0.835569
13.6059 42.7047 0.829194
13.276 44.1322 1.01801
13.1315 31.0606 0.592856
13.1279 39.9297 0.700065
12.5946 39.7736 0.777919
14.7581 29.5064 0.73947
12.6316 43.502 1.09269
12.4112 36.8488 0.751406
12.4393 45.5428 0.875166
12.2947 35.045 0.972126
12.6908 48.8992 1.04566
12.6853 39.2887 0.860254
13.6319 46.6321 0.983941
14.7751 40.6008 0.744211
12.7514 29.4524 0.624649
12.574 34.5249 0.856094
12.9199 36.341 0.723013
15.1082 39.8529 0.898953
13.3765 45.2558 1.02026
13.9837 34.4148 0.777804
13.6495 36.356 0.949975
13.037 35.6966 0.8602
13.7544 30.8156 0.604201
13.744 49.2732 1.17875
13.1944 37.0348 1.05247
13.4115 42.7538 1.02959
12.9464 40.0724 0.990614
12.5586 36.28 0.972172
13.5602 38.7865 1.04685
14.8065 41.6451 1.17141
14.3876 39.8265 1.13638
14.8079 43.6731 1.19705
13.8347 40.5226 0.974808
14.2628 33.9456 0.868231
13.4823 38.5798 0.929885
12.7453 39.5772 1.01336
14.7148 35.0926 0.957605
13.0408 40.9341 0.858198
14.9731 34.443 0.830908
13.6956 34.3438 0.609861
12.9819 28.5866 0.616467
13.2872 26.2983 1.07509
12.4088 24.7171 0.997386
17.6377 58.2577 0.894895
14.1906 29.1619 0.94162
14.9352 32.3886 0.971829
14.0292 38.4991 0.738889
14.198 35.5841 0.87165
15.7064 36.0455 0.805103
15.7588 39.5203 0.969574
15.6541 45.7419 0.873418
17.1142 47.7667 0.980674
16.3672 45.1731 1.18801
16.3364 44.9055 1.31169
15.4494 51.3397 1.36856
16.381 51.6373 1.43591
16.9276 46.5099 1.31237
15.7992 41.1273 0.932601
16.6991 43.302 1.09219
18.655 45.4195 1.20101
15.4478 45.3461 1.25671
15.9896 48.6155 1.01447
15.1268 47.5282 1.05469
16.7227 46.0483 1.04489
15.0276 45.8128 1.31862
15.9658 51.6667 1.17072
15.6735 47.2289 1.1982
16.8518 37.6611 1.16176
14.8575 44.81 1.14644
14.9025 37.8101 0.861825
16.2999 34.3996 1.12795
15.8107 38.504 1.00919
14.3396 45.7054 0.948074
15.6545 48.2645 0.875542
13.9782 47.0891 1.31547
15.7896 39.2232 1.00734
15.5909 47.4388 0.96395
14.7015 38.632 0.994815
13.8589 46.713 1.01241
14.2283 40.5977 1.0041
14.7615 44.9236 1.04323
14.879 46.1183 1.14223
15.5953 36.2609 1.05863
14.5621 44.4738 1.05039
14.9771 52.089 1.14282
14.5244 47.7349 1.20373
15.1027 57.0554 1.33827
14.4628 54.136 1.34383
16.9767 51.3564 1.28948
14.2161 55.8788 1.41724
15.3994 53.4773 1.42269
14.7203 56.5849 1.40952
15.6387 59.2764 1.2845
15.3506 57.5225 1.57389
16.1152 52.9225 1.46542
14.5668 54.8509 1.15469
17.1341 60.1574 1.30923
15.6505 55.2232 1.39889
16.2327 50.0593 1.08711
15.503 48.9825 0.993582
16.764 59.1789 1.36746
17.0159 53.6845 1.44234
18.2466 46.7356 1.06376
16.2381 52.7896 1.03421
16.5454 49.9728 1.05906
15.8963 58.0947 1.42835
16.806 58.2724 1.95127
15.2344 51.4925 1.02666
15.8498 55.009 1.30443
17.0702 50.5696 1.09493
17.226 40.9749 0.845588
18.8832 48.9103 0.846134
16.8513 53.1152 1.28754
16.8427 45.1255 0.913638
15.1254 59.1645 1.3425
15.6492 60.7359 1.54047
15.2395 46.6055 1.18412
15.5493 52.0334 1.41748
15.6494 51.7275 1.15745
15.1152 52.6031 1.17632
14.9584 49.9327 1.23582
14.6835 45.5481 0.874277
14.8344 42.221 1.65046
15.2047 50.1225 0.918267
13.6131 38.0154 0.925288
13.9197 45.3469 0.885661
15.726 51.6098 0.75675
15.0571 42.3865 0.770289
14.1449 48.4241 1.17257
13.5929 41.5668 0.947576
13.2144 38.0791 0.804837
12.8151 38.8871 0.809509
12.8612 51.3401 1.19644
12.8286 46.5575 1.06368
13.4397 58.8964 1.3143
12.0753 42.6054 0.943027
13.4386 47.1584 1.02177
12.7363 43.2755 1.08543
13.7152 41.5736 0.818764
13.1157 51.0594 0.986579
12.5083 48.3607 1.09028
11.5777 39.8561 1.00581
13.0869 47.1484 0.88979
11.8652 39.42 0.862215
12.0818 36.1339 0.709204
13.4715 37.9242 0.820852
11.8733 43.3707 1.07059
12.5717 38.0745 0.973266
13.5073 45.5263 0.846252
12.0434 41.3216 0.73973
12.4698 42.1646 0.708022
11.9721 37.7391 1.17178
12.0254 40.2232 0.924361
12.4328 38.1607 0.707578
11.581 37.3872 0.767814
13.0967 35.7408 0.807815
12.0896 43.9708 0.867227
12.8694 35.1622 0.752319
13.483 78.0343 1.033
11.9332 41.1676 0.92629
12.5749 38.0665 0.821133
13.1613 36.3209 0.999451
13.9194 48.0157 1.03458
14.559 46.8637 1.14443
11.6112 44.5416 1.05944
13.2333 49.2009 1.05061
10.977 42.2411 0.682722
13.3756 47.4111 0.812663
13.0772 37.874 0.724341
12.2203 42.6711 1.07102
12.0892 53.5008 1.21736
14.1984 45.2605 0.863392
12.0615 55.1177 1.0225
11.647 43.7644 0.792531
11.9208 65.204 1.38113
11.89 58.4941 1.24272
11.4728 58.4686 1.27207
12.1534 54.0657 1.26018
14.1729 55.2206 1.28303
13.2279 52.4045 0.821618
11.9177 54.7901 0.949123
13.0403 52.7211 0.919718
12.8437 54.3928 0.926744
13.7005 60.8589 1.1485
12.6331 60.6234 1.07577
13.7665 64.7123 1.10172
11.7251 65.6181 1.13295
12.4377 62.9687 1.16678
12.8925 45.4873 0.918755
14.4039 56.5621 0.875322
11.8591 48.388 1.06394
12.1438 49.7589 0.89426
13.7479 51.5796 0.883947
11.858 55.0454 1.20682
11.8029 60.8528 1.00689
12.831 60.3368 1.20863
10.7936 66.5762 1.19437
13.9075 58.6486 1.07296
13.0678 50.3547 0.80978
12.7689 60.149 1.09905
11.4178 54.5135 0.965596
11.673 47.511 1.17756
12.6746 56.4303 1.02893
12.2626 51.9014 0.896929
12.6474 61.4233 1.00548
11.6913 57.3017 1.09139
11.9629 56.3525 0.945515
12.4997 53.6594 0.953501
12.4327 54.0648 1.04109
13.3176 50.3265 0.925342
13.393 55.0909 1.15341
13.4635 52.7923 0.854621
12.6214 59.8233 0.873607
11.8238 57.5234 0.914929
13.3413 55.3516 0.761906
12.5962 61.7003 0.898234
13.3416 50.4448 0.797642
12.8555 59.8855 1.10983
12.2622 62.1856 1.05534
11.6738 65.3184 1.08163
12.8975 68.7533 1.2601
12.5259 59.3152 0.939577
13.5376 59.1328 0.914311
12.419 62.0681 0.924042
11.3088 67.2857 1.03569
12.0515 55.3481 0.972821
10.9217 62.3348 0.798152
11.9693 57.7988 0.924458
11.712 63.0111 1.02221
11.805 63.5556 1.16622
10.8295 58.4056 0.983176
11.2658 57.0198 0.791767
12.1535 66.555 1.26866
11.2409 60.7888 1.12155
12.6603 74.7819 1.07051
10.1771 60.4092 1.11939
11.5076 50.6694 0.684559
10.309 45.3132 0.93427
10.6172 45.4481 0.834484
9.27998 45.3548 0.70998
10.2663 47.5624 0.808597
10.7523 57.959 0.948402
9.3865 50.3296 0.740408
9.5163 42.6163 0.645242
9.61477 63.5892 0.916545
8.27841 52.4142 0.860171
8.64272 49.7494 1.18694
11.021 47.3079 0.903092
8.11602 48.0107 0.945951
8.95677 43.591 0.66983
7.72351 44.764 0.733147
7.73984 47.4953 0.861139
7.42886 43.4798 0.754529
8.45071 48.1803 0.684584
8.06263 46.7173 0.82366
11.4267 54.1835 0.98827
7.66811 47.9749 0.733584
7.40434 40.3944 0.643211
6.73964 37.5866 0.62206
7.22129 40.5436 0.567162
7.69785 44.9787 0.898965
7.35141 45.054 0.778238
7.7769 48.1874 0.707581
7.27184 35.7481 0.689352
7.9078 36.5052 0.467482
6.47163 35.7728 0.497332
6.62103 40.0118 0.553737
7.65491 29.9595 0.85609
8.15892 38.3472 0.448735
7.41859 40.6973 0.647296
7.58747 36.2882 0.491625
6.83483 41.258 0.743458
7.71851 39.3955 0.556596
6.71011 36.5643 0.526072
6.16079 34.7719 0.605956
5.89975 30.7413 0.861705
5.96328 36.879 0.568595
5.78441 35.1168 0.302787
8.08501 40.638 0.687572
6.67829 27.3604 0.544586
7.40174 27.8502 0.419178
6.20406 28.9756 0.355293
7.75304 37.2087 0.452464
8.47802 32.8472 0.409472
8.19048 33.9687 0.446614
6.73158 37.7661 0.535977
7.48606 32.7127 1.06183
6.91668 31.9095 0.347476
6.15422 25.8133 0.787677
7.11482 30.4816 0.349478
6.79296 30.0725 0.35082
7.62412 41.9439 0.55396
6.83875 36.2651 0.487994
7.74828 35.633 0.405986
7.44944 32.9917 0.404253
6.62099 33.4286 0.952767
5.00466 27.3782 0.425592
5.48898 27.804 0.840585
4.77796 32.2027 0.492791
6.06721 26.4524 0.274571
7.30139 34.4888 0.428944
7.66871 34.0561 0.490732
7.19185 36.11 0.380594
7.43324 46.385 0.781653
6.92427 37.1168 0.470534
7.94815 36.3943 0.639925
7.64505 38.9775 0.4715
7.26818 36.3387 0.397699
7.814 30.9469 0.493771
6.76936 29.619 0.391556
7.41099 34.2248 0.454316
7.48187 34.533 0.422063
6.48146 31.6973 0.535879
6.65306 34.1299 0.501728
7.31057 28.3243 0.351447
7.31238 30.467 0.296463
5.16713 27.338 0.41632
4.15757 32.1339 0.58447
7.61235 39.6066 0.651002
5.53747 32.4497 0.52097
5.70448 33.5476 1.11576
5.9949 33.499 0.604368
6.13705 35.4272 0.471149
3.99692 24.0121 0.307506
4.96203 28.3855 0.444021
5.34742 27.0784 0.338113
5.1682 24.662 0.309068
4.48176 19.1705 0.382633
4.41907 19.7608 0.273706
4.81089 23.3605 0.230942
4.15367 12.8007 0.147959
4.56747 15.5736 0.299755
4.00747 13.3809 0.133982
3.64273 15.0337 0.186032
3.73562 7.87608 0.10903
3.9008 8.07923 0.259211
4.78774 16.7427 0.235971
3.18715 2.95202 0.026685
3.64269 4.89293 0.054303
3.64831 10.0508 0.106824
4.76054 5.88524 0.08068
4.69887 13.0148 0.24694
3.21327 3.57667 0.026673
4.27278 9.51267 0.207878
3.72888 5.70652 0.198563
3.61055 10.5414 0.162816
3.74812 10.2889 0.200635
4.58682 9.97709 0.167102
3.87423 9.72591 0.114991
4.39208 10.6999 0.218591
4.50882 8.85992 0.141743
4.09131 2.70857 0.03848
4.3399 4.14278 0.089446
4.74664 16.718 0.242715
3.99284 10.8196 0.22196
3.12119 0.37539 0.00195
3.17772 0.296164 0.00856
3.90382 0.158854 0.000625
2.99406 0.258197 0.000705
4.78488 9.57999 0.161723
3.6683 0.058756 6.7e-05
3.62786 0.09556 0.00015
4.08687 0.056397 6.5e-05
3.91414 0.877095 0.003277
4.62954 0.119737 0.000138
4.34138 0.075125 0.000359
3.58283 0.080605 0.000271
3.34785 0.068069 0.000243
3.8546 0.060668 0.000177
4.56748 0.366742 0.000997
4.02003 0.058942 0.000195
3.59889 0.049679 0.000213
3.75673 0.176396 0.000438
4.42401 8.77517 0.065878
3.62744 4.73404 0.048172
3.41032 5.83912 0.07709
3.02999 0.060914 0.000226
3.56585 9.6611 0.084894
3.1343 6.70981 0.225941
3.84755 18.0095 0.245813
3.46626 5.50932 0.106071
3.46755 7.72032 0.136509
2.87763 0.062059 0.000344
3.95789 0.077437 0.000339
3.9365 0.072834 0.000256
3.86487 0.271225 0.000648
4.26008 0.076575 0.000287
3.92253 0.073216 0.000195
3.03854 0.07015 0.000159
2.83038 0.187342 0.000505
3.55572 0.061977 0.000213
3.10242 0.063661 0.000301
3.34006 0.062975 0.000111
4.21038 10.4364 0.164576
3.92963 6.468 0.090714
4.03302 8.61496 0.126283
4.31986 22.5959 0.156616
3.78149 12.6619 0.265203
3.48131 16.5877 0.242521
3.38051 9.03906 0.12144
6.33371 19.0712 0.215638
5.38112 23.9185 0.24823
4.5451 9.68751 0.091404
5.51772 23.6166 0.321559
4.50957 16.1861 0.375214
5.46428 19.2709 0.469742
5.55885 14.8156 0.180807
5.75753 17.0011 0.211499
6.32284 34.1325 0.388832
4.56112 26.1385 0.382412
5.92631 19.9923 0.211339
5.82154 29.0981 0.327816
7.32858 37.1761 0.456925
6.40481 30.5115 0.337946
8.33271 35.1776 0.275914
6.30111 28.521 0.3163
6.87957 27.6895 0.580803
6.89584 23.4987 0.294344
6.61754 35.1664 0.57276
7.36874 51.5972 0.626339
6.70214 43.4329 0.638409
7.63304 39.1974 0.488509
6.91052 23.2518 0.383644
7.02292 19.4368 0.649624
7.0624 32.4847 0.484095
6.88984 37.8463 0.424844
9.0478 43.2366 0.585319
7.65754 37.1288 0.611524
8.56323 33.026 0.409465
7.46438 38.1803 0.523119
6.73784 30.8414 0.344107
6.70205 36.0831 0.521155
8.28739 37.7248 0.347242
6.81382 31.5725 0.547916
6.54138 32.787 0.437174
6.62032 27.6465 0.356236
7.17039 38.9165 0.490856
6.57886 27.8886 0.52284
5.95837 27.7523 0.42645
7.11961 34.5306 0.439984
6.46279 30.6368 0.300073
5.80638 23.9771 0.313121
5.6625 16.6707 0.207329
5.74689 24.147 0.272468
5.08225 18.9324 0.549659
5.65929 22.1648 0.255713
5.03451 23.324 0.275315
5.96014 30.0305 0.430112
5.22285 22.9886 0.359369
5.19605 26.4611 0.450539
5.12033 28.4647 0.492438
6.09781 32.0531 0.405326
5.90926 33.5094 0.663456
5.02866 28.8576 0.815802
4.6025 30.3301 0.36013
4.52136 33.069 0.477267
5.61108 32.6352 0.419983
4.68448 29.711 0.330195
4.04971 27.8355 0.284571
4.21346 40.5839 0.592908
5.21723 35.4571 0.380065
4.13899 26.5733 0.318898
4.25396 29.6971 0.686373
3.8394 23.7485 0.268194
3.82991 27.6509 0.439496
4.84059 30.4252 0.490073
5.01467 32.1935 0.414465
4.93367 28.6338 0.393305
4.39538 29.5767 0.365681
4.0951 14.2475 0.210058
4.95795 25.0367 0.574044
4.4243 26.3006 0.395177
4.25923 21.0157 0.491768
4.11951 20.2966 0.408523
4.8541 15.6808 0.240266
4.95432 20.9363 0.325767
4.82831 18.9668 0.291356
4.63264 18.92 0.237347
5.70043 39.1556 0.669455
4.9017 35.7421 0.37444
4.76991 30.6412 0.694166
3.86135 24.6196 0.498796
5.28672 34.7844 0.5266
4.22771 32.5483 0.33002
3.62844 24.1077 0.348008
3.38681 25.2695 0.391734
3.87414 29.6818 0.437716
4.78364 29.2558 0.445329
4.92164 28.5077 0.430521
3.96082 30.4236 0.396596
3.92656 23.4027 0.424234
4.99448 32.495 0.441746
3.15095 25.9465 0.391305
3.90105 28.377 0.337589
4.90689 24.3275 0.41143
4.65776 25.4367 0.405821
3.78158 20.4702 0.243582
4.24281 25.5126 0.352699
4.08585 38.5748 0.572134
4.5328 34.8163 0.509649
4.41684 27.2844 0.299807
4.13614 29.7143 0.300897
3.11109 20.3027 0.223532
3.21075 19.979 0.252002
3.28816 21.6611 0.369015
3.73986 28.9854 0.267224
5.06742 31.121 0.330218
4.03051 29.6126 0.504354
4.18309 26.7016 0.465131
4.86334 26.6685 0.377493
4.07326 23.6981 0.579255
4.29244 30.6184 0.496346
4.65311 21.0198 0.288364
4.86255 20.7816 0.240823
4.70564 36.0911 0.599618
4.75532 31.3247 0.417353
3.94914 14.1956 0.392094
4.87675 31.9276 0.411403
4.94062 32.4168 0.33089
4.63741 28.6667 0.454363
4.56345 26.924 0.3771
4.75699 19.6518 0.292958
4.57526 22.0695 0.317979
4.6374 21.27 0.540062
5.80351 24.9244 0.370443
5.75563 35.8406 0.859937
5.26569 29.1714 0.768289
6.62108 76.5989 0.480317
5.91185 37.2184 0.752743
7.84078 43.1486 0.58696
7.57597 37.766 0.480117
6.47846 43.3775 0.666538
6.82057 30.6642 0.406185
6.45923 29.3066 0.366733
6.65024 34.2972 0.53869
6.26271 38.3097 0.477921
6.86903 40.9077 0.670672
5.97171 30.2472 1.04611
7.16029 33.389 0.470157
6.49554 44.4018 0.590732
7.55259 29.7675 0.515085
6.63026 23.314 0.374823
7.35085 34.1641 0.52891
7.48464 42.6011 0.742521
7.58806 35.3397 0.57362
6.53466 23.1381 0.550688
7.26685 26.4077 0.491913
8.47646 35.8138 0.549286
6.9263 29.3416 0.432859
7.78925 32.5891 0.602806
7.89192 32.5111 0.619449
7.2773 37.7158 0.59625
8.41195 36.8869 0.596366
7.70324 33.5948 0.602028
8.27754 39.5335 0.569059
6.63417 43.7115 0.624268
6.3431 31.7858 0.959499
9.24777 43.2512 0.697236
6.55658 23.5899 0.411071
6.87898 41.8721 0.632536
6.65946 27.7671 0.403392
6.413 39.8974 0.596216
5.74967 32.8781 0.545833
6.2119 28.928 0.506785
6.46381 45.6967 0.597368
5.89937 26.2926 0.392487
4.15164 16.186 0.249757
4.18886 19.7149 0.320154
7.16793 70.9394 0.585125
5.66219 29.7853 0.571739
5.87825 32.4131 0.459152
7.35991 38.5588 0.481845
5.47436 40.3326 0.590145
5.51999 41.0212 0.687148
4.47555 35.7038 0.573574
5.3181 45.4709 0.537748
5.04993 26.6372 0.450492
4.86393 42.8771 0.666711
3.81631 29.533 0.451889
4.2728 39.5806 0.447551
4.04165 31.1447 0.386414
3.76997 35.9046 0.517284
4.91755 38.1127 0.578829
4.79394 34.773 0.584894
4.64 39.7035 0.544137
3.76445 37.7313 0.562363
3.76996 41.3657 1.08929
4.47105 39.9858 0.676146
5.44806 40.1435 0.533443
4.04784 45.4738 0.689742
4.53748 37.644 0.478559
4.1481 31.8647 0.567914
4.71584 29.7027 0.334699
4.36727 39.2328 0.560431
5.48574 39.5331 1.18826
4.59408 46.2673 0.652928
3.67038 32.8045 0.458682
4.108 41.2399 0.521179
5.13333 43.4851 0.506115
5.13125 38.8332 0.512886
4.99372 37.4261 0.59849
3.83784 20.8746 0.327604
5.30257 46.1177 0.593814
5.152 33.9314 0.393127
4.29419 36.1967 0.522492
4.16715 37.4141 0.520463
4.90968 43.2175 0.587893
5.66983 45.8811 0.592158
5.15509 41.4318 0.703634
4.55734 42.4691 0.484469
4.09389 43.151 0.437808
4.44059 48.5688 0.545075
5.32962 41.023 0.454338
5.76699 47.4737 0.671953
4.15527 41.7697 0.402279
4.85685 45.3601 0.724887
4.7556 46.3203 0.490663
4.24352 41.8349 0.410988
4.73148 41.028 0.392052
3.85374 40.9078 0.524314
5.26393 45.1955 0.589141
4.61676 46.05 0.72816
5.30555 49.5991 0.704665
4.54832 49.3369 0.788095
4.37963 36.8227 0.480089
4.23442 79.7853 0.975497
4.56513 47.9341 0.711041
4.9884 51.5565 0.817545
5.01394 51.665 0.726273
6.30565 45.6304 0.634924
6.59134 44.7724 0.821176
5.81157 36.9506 0.504347
5.56505 47.2182 0.652474
6.78569 48.9125 0.497948
7.49992 46.363 0.532442
6.86886 43.4963 0.679809
6.62054 37.3995 0.609793
9.83172 64.5741 0.833704
7.39091 45.1216 0.604146
8.57301 50.6915 0.557641
8.26807 40.7392 0.528775
8.41245 45.5943 0.537426
8.25461 50.5502 0.62083
8.57502 54.7707 0.695911
8.60812 45.67 0.461125
9.81005 44.7524 0.554615
7.5795 48.4271 0.60706
8.15455 38.2437 0.354606
7.77383 51.2983 0.566308
8.40825 46.0913 0.508598
8.79802 54.7517 0.707668
7.8571 35.5474 0.428246
7.80027 37.2936 0.393331
7.32506 39.6163 0.459727
7.63652 39.5302 0.405955
7.36121 52.6834 0.945205
6.5535 44.0864 0.467917
6.74509 45.3267 0.442763
6.60343 42.4116 0.524617
6.22963 31.1575 0.407007
6.47578 40.3612 0.476935
6.61567 35.4439 0.329188
5.78122 35.7602 0.570775
5.94332 34.7553 0.347209
6.87633 42.4747 0.471523
5.27706 34.1699 0.525317
4.80885 35.5678 0.387136
4.79894 28.3714 0.363201
6.40955 34.6594 0.494005
5.27016 27.6063 0.417868
3.7506 29.777 0.458486
3.4544 24.2351 0.412931
3.405 22.7747 0.442272
3.2288 15.2137 0.249576
3.36621 12.9931 0.15477
3.42998 12.2435 0.112582
2.28336 17.0834 0.172443
2.72862 14.1522 0.222532
2.74679 13.6142 0.174988
4.22028 9.60985 0.123369
2.33063 13.7904 0.190933
2.58128 16.1763 0.353737
3.06324 14.8717 0.180359
3.99713 13.1616 0.194899
3.15608 3.00721 0.009282
2.70596 10.0089 0.116444
2.22345 10.2089 0.209116
2.32002 6.78996 0.10778
2.08495 4.10944 0.028509
2.63491 21.4682 0.320042
2.3951 7.92964 0.088087
3.22143 0.651246 0.004121
2.68692 0.064694 0.000143
3.56064 14.8131 0.151954
3.60477 7.00117 0.183435
4.01125 6.51226 0.141592
4.05652 2.79431 0.073775
3.42032 18.2981 0.327608
3.18671 10.8366 0.177791
3.39058 1.47986 0.087739
4.41985 5.91431 0.316177
4.71369 4.65783 0.220722
4.81633 6.28224 0.30452
5.7031 9.28228 0.173507
3.93199 15.2372 0.296847
4.72445 18.8107 0.3962
4.54703 13.7856 0.4131
4.13755 5.27044 0.171656
4.8484 17.448 0.316128
4.67096 12.8342 0.231837
4.30957 17.3545 0.311909
2.69835 9.80695 0.271886
3.725 12.9224 0.168093
3.99154 12.8231 0.244311
4.55034 19.668 0.517817
3.94318 15.7062 0.426218
4.11507 27.3675 0.433918
4.59128 19.7727 0.24693
4.46256 18.6479 0.231825
4.93742 26.4912 0.340969
5.14297 30.3086 0.417993
4.51021 17.5863 0.372324
5.09397 26.1795 0.3537
5.32381 23.6484 0.561372
5.06363 30.4712 0.576096
4.5523 23.8255 0.286317
6.84991 38.4251 0.534677
7.47339 46.4796 1.04926
6.82796 35.7539 0.493905
6.92103 28.6286 0.373274
7.7381 36.7611 0.487764
8.56526 40.7237 0.460804
8.94476 39.9381 0.452574
7.68505 32.254 0.456486
8.09869 43.2911 0.543899
7.27296 44.1108 0.632354
10.3748 47.1951 0.512291
8.77093 37.048 0.476299
8.50591 48.3196 0.780774
9.00567 43.7178 0.447452
10.4882 42.1588 0.508592
11.0719 43.0417 0.599987
9.19174 49.4212 0.767766
13.2546 96.6641 0.966871
9.8974 53.4982 0.699465
10.1979 49.4663 0.686464
11.305 49.8656 0.616581
11.3627 59.9519 0.85568
11.3692 62.2891 0.722683
11.1001 46.4362 0.577629
11.5682 58.7803 0.62843
10.7635 62.7866 0.862185
10.0342 62.5688 0.849595
11.0172 50.6703 0.786945
11.452 56.4423 0.70348
10.6428 56.2114 0.649607
10.8191 54.1499 0.609607
11.8993 54.9034 0.771805
9.98791 67.4211 0.885219
11.6091 51.2813 0.776808
11.7142 51.3229 0.596295
10.8326 47.0946 0.569953
10.0576 43.4514 0.601755
11.5032 53.9758 0.617897
8.2543 23.5832 0.38455
10.0894 53.9133 0.662456
11.7976 58.4568 0.82245
11.4309 50.9883 0.645714
11.6632 50.6448 0.600144
11.3215 43.2563 0.545561
11.4068 51.1656 0.489892
11.9955 48.9238 0.635334
11.7824 57.9272 0.761956
11.0069 46.0225 0.518803
10.326 48.4503 0.624668
11.8105 47.8329 0.558518
10.9916 35.3718 0.46199
10.2661 38.1375 0.44816
11.4975 61.2648 0.658944
8.79119 45.6438 0.518551
10.7769 44.2537 0.383225
10.3155 28.2688 0.318227
9.98576 35.9369 0.440956
10.8045 37.7545 0.370335
11.1745 46.3658 0.455168
10.65 36.4007 0.557276
10.8667 45.7186 0.511851
9.80265 56.2854 0.694668
10.1369 26.8426 0.378632
10.0784 37.1378 0.554033
10.9503 40.1378 0.458469
11.9516 55.5352 0.5911
11.2137 40.2076 0.610645
10.6859 46.4683 0.526654
11.3428 62.9885 0.847294
11.7416 51.0798 1.16887
10.5978 31.827 0.453694
11.1834 55.2764 0.755979
11.4947 59.6258 0.683082
10.794 63.4705 0.628777
11.7464 104.31 0.961722
10.927 54.3195 0.723646
10.8986 52.2143 0.57733
8.94549 53.1929 0.857131
13.3086 58.601 0.858151
10.65 48.5215 0.576152
9.03058 44.1971 0.495525
7.11467 54.6406 0.621888
7.66891 48.3084 0.562992
9.19838 46.4306 0.773945
8.36908 50.6294 0.779067
8.95758 55.2772 0.905447
9.56548 60.8027 0.831427
8.66599 55.38 0.719196
9.95642 58.5511 0.73604
8.82121 55.5592 0.679078
9.35194 48.4347 0.751774
8.15242 56.3579 0.725718
6.81575 41.1148 0.528834
7.29142 37.9568 0.38506
6.75447 51.734 0.829798
6.56228 56.1944 1.29554
7.2288 40.7378 0.426446
5.95557 39.0698 0.904658
5.81359 19.59 0.253492
6.23389 23.837 0.301753
6.18819 23.7614 0.455726
5.89715 21.9907 0.147135
5.94725 26.0202 0.258236
6.06176 26.3815 0.459597
5.89433 30.3685 0.426994
6.12788 23.5922 0.338745
5.39499 29.6318 0.394169
7.44831 35.5385 0.559992
6.98011 42.7014 0.559794
6.53478 41.9688 0.78595
6.77598 29.2303 0.826766
7.25684 33.8844 0.604277
6.36923 21.2202 0.336427
6.2993 30.1972 0.590047
5.37997 27.2893 0.345311
5.48384 25.6748 0.469845
4.51753 2.89533 0.070872
5.94308 26.9178 0.510808
3.97276 3.74256 0.046295
4.30827 0.660843 0.005682
3.88053 53.465 0.476085
3.72172 3.89651 0.077477
5.89673 13.9894 0.190866
5.83876 17.081 0.290528
4.89612 8.85013 0.214741
5.36159 11.1454 0.250032
4.99715 13.0267 0.218606
4.74311 6.19898 0.07565
5.48368 16.4951 0.176716
4.73406 14.0316 0.236872
5.77027 37.5225 0.580814
6.8644 44.9242 0.495115
7.44774 40.77 0.410563
8.29261 36.8277 0.43663
7.02899 37.9306 0.614704
8.59481 40.6005 0.616179
8.70471 50.2907 0.60961
7.06833 40.2924 0.698479
8.11581 46.8738 0.440875
6.87189 43.1827 0.831693
7.21403 40.6232 0.409362
9.49587 97.6072 0.780239
7.64123 45.2611 0.53896
7.19622 42.1913 0.615748
7.39198 33.7805 0.461146
7.56856 50.8398 0.670608
6.72099 44.8519 0.446861
7.09882 44.5882 0.579815
6.92093 48.9792 0.667331
7.05512 56.4828 0.792814
8.03634 42.5687 0.487874
8.45083 49.7634 0.507927
7.72198 34.6797 0.699921
7.58489 45.2067 0.721104
7.55857 39.2274 0.641243
10.4541 42.1811 0.455309
8.4673 46.2918 0.567606
8.80359 56.7879 0.792278
9.16673 44.6004 0.605688
10.6512 49.8886 0.574463
8.88091 56.9634 0.813541
8.5989 56.195 0.637604
8.69974 50.7914 0.60219
7.98051 46.4033 0.599807
8.31021 41.0887 0.56724
8.91832 89.3016 1.09736
8.59584 36.767 0.523653
8.60587 32.1598 0.465646
7.88831 22.3921 0.393049
9.14068 31.9748 0.500556
11.0331 61.0986 0.651024
10.4163 40.5168 0.51077
8.16502 58.273 0.678858
7.46859 38.7619 0.588425
7.81495 54.1391 0.596479
9.35804 45.2784 0.506137
9.3962 47.6427 0.51475
9.0653 44.8991 0.791462
8.46867 38.9823 0.475687
8.50331 52.7636 0.532612
6.6707 18.4758 0.429289
7.95531 30.9064 0.364916
8.00423 47.2048 0.695551
9.52312 55.1371 0.760836
9.49891 48.2902 0.534452
9.21388 35.3796 0.571929
9.1589 54.3157 0.847152
9.574 36.77 0.643341
8.79479 48.9432 0.66438
8.87339 46.2826 0.591723
9.65642 40.4049 0.445694
9.08861 46.4328 0.553497
8.89824 47.6266 0.665391
7.67396 35.0963 0.57657
10.0756 32.2766 0.477387
9.53586 41.7209 0.433073
8.87002 43.2137 0.498415
8.95289 43.0442 0.536138
10.6347 52.1728 0.588852
9.81877 38.4554 0.535031
7.96799 36.3739 0.738442
9.99724 38.5197 0.509916
9.07704 58.898 0.911927
9.77044 48.8062 0.765943
9.13282 47.5398 0.547889
9.95654 56.0792 0.663482
9.01673 53.3794 0.753996
9.58767 57.7949 0.625073
10.4003 47.7006 0.551478
9.87944 56.8848 0.882535
8.3418 50.3831 0.676605
10.517 60.5097 0.739043
9.79344 55.7472 0.81351
9.53626 52.5616 0.695444
11.1729 78.4757 0.538355
9.29334 53.6767 0.529387
8.22398 62.1516 0.694984
7.96944 57.0411 0.789303
10.0785 53.8465 0.621875
9.25493 52.4495 0.743831
10.0605 52.2032 0.69715
9.91102 37.6559 0.527151
11.4651 75.9141 0.877476
7.58301 44.4086 0.670836
9.97685 47.3926 0.812899
6.66737 46.1113 0.568537
8.33542 50.3633 0.824229
9.06709 47.9015 0.552229
8.29858 44.3233 0.538086
7.51102 39.2586 0.50262
8.56886 41.5952 0.470238
8.10914 26.209 0.485228
8.12352 40.8738 0.701229
8.9328 55.3096 0.765241
9.59177 50.9157 0.728118
9.80902 55.2617 0.695971
9.18382 60.6444 0.968956
10.3806 52.063 0.991833
10.7734 44.1791 0.58442
9.94593 50.4293 0.63999
11.3912 55.2358 0.770508
10.7557 57.024 0.854623
11.4435 58.9973 0.791044
11.3326 50.352 0.594817
9.30285 58.8221 0.949049
11.6849 48.4159 0.903846
10.5056 49.2178 0.939958
10.8454 42.1816 0.566154
10.4063 36.2603 0.549269
10.7743 35.4076 0.506945
11.3609 43.6751 0.636944
10.2206 50.4738 0.839083
9.39105 33.3719 0.690297
10.7495 47.7642 0.807971
9.56515 43.2398 0.859523
9.78142 26.1987 0.582261
8.82447 16.9734 0.393156
9.26355 26.2484 0.423132
8.32236 18.2524 0.28857
8.05492 16.0809 0.379737
8.19775 10.4642 0.303312
10.049 43.9986 0.573932
11.8479 49.4149 0.681107
11.7064 59.4628 0.795085
9.72744 50.7747 0.695272
10.6818 48.9545 0.804295
9.60491 60.8438 0.951386
9.40813 56.3348 0.84517
11.6712 50.6511 0.748405
10.8301 64.7567 0.909317
11.5718 62.4145 0.977762
10.0996 64.7685 1.00986
12.1291 75.499 1.14659
11.2398 53.9 0.806514
12.3508 57.1437 0.715872
12.2548 70.3514 0.829023
11.0343 72.7236 1.20855
12.4394 76.1138 1.29545
11.741 74.5195 1.10991
12.4353 69.5648 0.961246
12.4293 69.8891 0.817173
12.6055 65.7119 0.726978
11.3034 65.8233 1.38752
12.552 61.0898 1.13491
12.8306 62.6616 0.998219
11.4378 66.1924 1.17736
10.9512 61.916 1.01336
11.6539 58.2059 0.867872
11.2766 63.4002 1.03777
12.8864 68.4914 0.840971
12.8962 60.7287 0.909867
13.9883 71.1645 0.953446
15.3639 66.087 0.940059
14.0485 75.7597 1.23082
12.1936 68.6682 1.1806
12.3098 53.6642 1.45552
12.1812 69.4025 1.2164
12.0013 78.5185 1.09056
12.7092 55.373 0.978975
11.745 42.7627 0.684894
13.178 46.5533 0.673842
10.2779 56.5683 1.03319
11.2537 45.2372 0.753468
10.8565 37.8451 0.903178
10.1041 37.0644 0.886096
9.38005 39.366 0.606735
9.61968 35.7687 0.651181
8.0905 39.3319 0.836684
9.346 42.8319 0.818946
8.07088 43.9278 0.786749
8.18111 44.9535 0.56634
8.36394 33.5601 0.493782
8.94458 49.0999 0.803721
8.63313 51.0573 0.654788
7.93929 33.9455 0.499404
8.30626 37.3015 0.450723
8.18894 50.7484 0.60966
7.48813 42.7388 0.557269
7.68061 40.0714 0.40826
6.95758 40.3257 0.506875
7.40376 50.6406 0.514579
8.2459 41.3889 0.544816
7.27925 41.2723 0.516159
8.88788 45.3632 0.539318
8.8856 44.0059 0.458138
7.29843 28.6851 0.456062
7.27693 33.1758 0.565831
7.54643 38.0906 0.441848
9.21917 38.7854 0.397321
10.7893 48.892 0.521819
10.6523 49.5145 0.633997
9.59513 55.026 0.703845
10.5815 50.0899 0.568996
11.2332 58.7205 0.796366
11.1811 50.8798 0.784238
8.40134 47.0246 0.724584
8.96294 39.6859 0.645371
11.1447 70.1965 1.03301
8.70296 34.9041 0.55566
9.73629 34.9944 0.394299
9.88673 25.5738 0.624067
10.0876 25.8426 0.396679
9.09954 28.3914 0.390393
9.07199 29.2425 0.351456
8.4765 23.3203 0.424267
8.99289 27.5981 0.517657
9.46479 45.278 0.656173
9.33773 58.823 0.645815
10.9509 46.3915 0.526934
10.0687 62.5619 0.825846
9.28951 44.1674 0.821989
10.1761 54.0379 0.80999
8.22165 50.9499 0.580464
9.16128 54.0199 0.61959
10.5649 62.2824 1.11373
10.7788 56.2717 0.70052
11.2669 58.7229 0.720629
10.8088 74.6543 1.08944
10.7681 56.0372 1.08244
10.8607 69.0166 0.866
9.40889 62.7047 1.01012
10.681 63.6627 1.09799
12.7451 72.8022 1.01465
10.5912 65.2327 0.795532
11.3656 80.0882 1.21
12.0755 60.7326 0.804125
12.3814 84.4182 0.941804
11.7997 68.696 0.671434
11.3917 53.3963 0.631885
12.1432 65.6735 0.776791
10.6724 57.1671 0.629605
11.5309 59.7352 0.857335
11.9534 72.7138 0.730962
10.6811 71.8012 1.01588
10.9934 63.9856 0.75648
12.0922 62.8201 0.733369
10.7297 78.2725 0.87263
12.4602 83.5696 1.16664
12.46 79.8043 1.09905
12.2506 88.4144 1.42732
12.1219 79.4176 1.20155
12.3573 83.2253 1.26141
12.3128 86.9137 1.13725
11.4208 75.6092 1.29922
11.4121 58.2853 0.889057
11.6383 62.1015 0.914353
12.1517 71.153 0.868384
12.3901 67.7687 0.761457
10.7964 54.902 0.756526
13.1935 66.19 1.04793
11.9735 72.9464 1.14815
11.8054 67.5338 0.825441
12.0264 62.8312 0.930954
11.1109 63.4509 1.10733
11.8267 60.1949 1.0365
9.93653 53.9373 1.18741
11.8421 53.9516 0.959745
12.3315 54.1065 0.949602
13.0348 47.5818 0.702035
12.2128 41.8076 0.573077
12.1263 52.6542 0.690876
12.424 49.7322 0.757451
14.1489 46.1603 0.640751
14.0674 56.61 0.757706
14.2207 58.7349 0.782329
13.0742 56.098 1.18088
13.8475 63.1361 1.00186
13.7735 61.315 1.12327
17.266 54.6885 1.01692
13.1779 44.8639 0.703263
15.2866 62.4065 1.09169
12.945 56.1481 1.13214
12.6557 43.6341 0.945506
13.5557 50.2777 0.73862
13.5545 53.9919 1.00093
12.6113 56.3916 0.990669
13.0186 46.2971 0.755277
14.8045 41.3303 1.02227
13.6332 56.6617 1.03955
14.5936 46.0347 0.912592
14.1577 43.575 0.785275
13.4073 55.2603 1.25689
12.8547 58.1104 1.29295
14.3066 52.6382 1.15701
14.4889 37.114 0.836318
16.1591 45.7691 1.06114
14.0266 46.8018 1.22645
15.5886 59.9459 0.850213
14.4678 55.6491 1.03149
14.2161 51.7734 1.11742
16.3145 56.5953 1.02721
14.3408 73.1298 1.42555
15.1351 52.5037 0.905172
14.81 68.7564 1.39463
13.6825 66.1999 1.35875
14.9487 62.9931 1.26174
13.0536 50.641 1.08133
14.1219 35.933 1.39137
14.3873 50.9221 1.3267
15.0224 44.5611 0.776014
14.5424 52.0297 1.03956
13.298 42.8367 1.60719
14.2485 55.0148 1.20536
14.4436 30.9113 0.979041
12.6004 38.8081 0.916353
13.6546 37.9626 1.14944
13.2401 39.6166 0.718818
12.4349 33.284 0.681074
11.7138 41.4773 0.634274
11.7493 71.3878 1.08186
11.4123 47.753 0.76333
11.8321 55.8378 0.754474
12.1787 51.9706 0.734716
11.702 38.9122 0.779216
11.6328 41.9472 0.758159
10.9834 43.2107 1.10359
12.2054 54.5861 0.820886
12.406 51.8034 0.765809
11.8853 53.114 1.11623
10.3046 60.5341 1.17476
10.2396 46.8282 1.23335
9.72442 41.5758 0.777586
10.4679 40.7066 0.939026
10.3465 48.195 0.735247
11.7803 44.2549 0.951092
10.9231 67.564 1.23012
11.5227 60.3392 0.8676
11.4844 38.7898 0.657245
11.0631 42.0359 0.942906
11.189 48.8381 1.19446
13.0206 49.4468 1.01512
12.9392 48.0526 1.1738
12.7122 49.7748 0.815425
13.031 46.942 0.806419
13.3549 40.2212 0.873396
12.6299 35.9572 0.909691
11.529 36.3779 0.736995
13.6741 44.6267 0.76142
13.0343 63.0523 0.804783
12.0165 42.8591 0.926043
12.9143 35.3157 0.637828
12.2149 40.2588 0.726428
11.788 48.5552 0.836705
12.8553 51.5188 0.99055
12.3169 52.255 1.08699
13.35 46.5705 0.929061
13.3189 46.2161 0.786671
14.2475 59.6761 1.05829
10.7301 64.0621 1.01796
13.7304 53.1517 0.868622
14.1234 59.449 0.887105
10.0558 47.6893 1.10454
12.5233 60.6374 1.0355
13.3843 65.9623 1.1274
12.5735 62.8741 1.23561
15.0529 53.1886 0.975814
12.5891 57.2261 0.920182
11.9175 55.6831 1.29563
12.1991 57.3199 0.955344
11.5923 46.8587 0.9608
13.3449 49.8378 0.866285
11.5578 61.8999 0.95962
10.7512 51.8949 0.988219
12.9617 52.8345 0.823682
12.4354 51.8526 0.641268
12.6291 49.2866 0.740749
12.9293 92.5641 1.14232
14.0468 63.4885 0.78362
11.2123 57.2955 0.936171
12.0012 43.7671 0.707486
13.1403 35.8149 0.582836
12.0818 48.2981 0.77965
11.4085 45.8303 0.659979
12.652 52.3758 0.614613
11.9668 49.6718 1.0858
10.8667 48.2506 0.904251
12.0625 54.4809 0.770792
11.4942 58.3515 0.767561
12.082 49.5958 0.766306
11.9808 59.8533 0.947066
12.5683 64.3463 1.12832
11.3039 51.0601 0.943326
12.3569 41.0769 0.7169
10.3103 50.475 1.00592
13.1334 48.6617 0.745592
12.6527 51.7384 1.0231
12.4066 43.461 0.754177
12.485 58.4992 0.879751
11.6951 47.0227 0.802796
10.6074 58.6577 1.06638
11.93 49.8099 0.892605
11.4871 64.0621 1.16252
12.9395 55.7465 0.702681
13.0594 73.0766 1.02241
11.2893 56.1368 1.05465
12.4244 58.9041 1.274
11.9774 62.876 0.979794
13.1446 65.4546 1.2268
12.9852 75.914 0.978018
14.2934 76.2078 1.1264
12.8385 78.4847 0.948987
14.0803 80.1746 1.39281
12.0191 76.8374 1.2765
13.7328 84.3074 1.51854
13.8859 73.7463 1.26867
12.1308 78.1822 0.82785
15.1194 62.545 0.847525
14.0612 77.3381 1.01231
12.5507 82.152 0.881911
14.0266 77.4277 1.02913
13.1023 74.2876 0.933057
12.8897 73.1367 0.843853
13.5352 60.6446 0.917426
13.5453 64.5456 0.824678
15.6226 81.9216 1.02014
13.1135 77.0141 1.38341
13.3911 81.9643 0.924051
14.6152 91.4116 1.49233
13.6788 78.5976 1.39008
12.974 71.5374 1.22707
13.1318 70.7084 1.25111
13.1962 73.1772 1.0308
12.8854 70.6956 1.2757
15.7456 84.839 1.35832
13.5714 79.2533 1.09858
11.9255 74.015 1.18137
11.8711 58.4414 0.797997
13.0054 72.2865 0.873624
14.4547 65.9179 0.778257
12.9552 68.2322 0.792412
13.2812 79.9359 0.996161
12.709 64.6186 1.24144
13.5453 63.3753 0.825949
13.0569 73.6075 1.08565
13.4751 64.9286 0.799952
12.3854 62.6955 0.743484
13.5943 68.6756 0.91316
15.7408 62.4819 0.784213
13.6396 69.8946 0.836202
14.0691 70.449 1.20855
15.2053 67.7285 0.900729
14.9399 59.0877 0.728789
13.6371 55.9567 0.677411
15.0492 62.8368 0.648638
12.6438 51.9607 0.70381
14.3348 47.2492 0.637399
13.3632 61.4339 0.817015
13.7565 56.8598 0.680598
14.7928 67.175 0.856204
13.793 54.5695 0.736855
13.7119 54.4006 1.07387
15.0414 59.6238 0.729495
15.8072 62.9251 0.679855
13.2709 57.103 0.7423
13.7704 57.1474 1.07194
13.7922 60.1787 0.871447
13.1412 65.6836 0.982549
12.7205 58.5303 0.61955
15.8051 52.9344 0.760692
14.8824 62.1026 0.864938
12.346 67.5025 0.699841
15.2372 67.9099 0.765445
12.5908 70.6932 0.958768
12.7219 71.5526 1.03079
12.8372 55.6679 0.666636
13.7867 62.3375 0.788719
12.9085 57.6093 0.590564
13.7755 45.457 0.594923
12.0319 57.0534 0.697927
12.9365 59.2452 0.685392
13.2181 51.4624 0.589045
12.177 58.9233 0.605024
12.8731 58.7666 0.548546
12.9256 49.792 0.632043
12.9443 57.8021 0.786494
10.7551 46.9994 0.678904
12.0942 38.306 0.479215
10.9559 42.8874 0.542469
10.7788 44.1434 0.967885
9.96759 104.913 0.941667
10.9479 50.2448 0.630557
9.91299 39.6406 0.473201
9.97135 44.8342 0.600029
11.1734 46.8696 0.45965
9.46922 40.2047 0.556862
9.87365 40.0494 0.487239
9.48934 33.4733 0.410774
9.2114 30.7724 0.46176
10.9205 37.6857 0.365023
10.572 45.1545 0.542758
9.8706 43.654 0.447168
8.41644 46.1713 0.532079
9.34756 41.0613 0.437027
11.379 42.1919 0.605421
9.15822 30.3047 0.365328
9.45962 44.3913 0.475438
9.158 43.4044 0.525025
9.72045 55.0234 1.13572
9.37364 43.2292 0.445621
10.7334 34.6349 0.384821
9.39882 39.7067 0.552293
9.00587 46.0986 0.540036
8.57154 30.483 0.593065
9.33939 34.47 0.636001
11.0559 48.6014 0.46855
8.67249 44.3161 0.583955
8.28704 38.2662 0.459188
10.6615 43.6464 0.557014
10.0798 43.1119 0.549625
9.74387 33.6558 0.450036
6.57683 45.9854 0.553966
8.77822 40.7371 0.361086
7.96552 36.5278 0.477277
8.33399 37.3055 0.323434
8.22677 34.8388 0.397759
8.4773 40.7427 0.406628
8.3734 35.0892 0.289905
8.56851 49.3844 0.572983
8.58225 38.0507 0.71188
6.25228 36.9901 0.589881
8.072 48.2003 1.22995
9.39544 39.4329 0.542664
7.9081 33.4295 0.44904
7.80776 38.6247 0.290135
8.61603 37.0746 0.466107
9.15858 39.8343 0.412193
8.48979 39.5086 0.352483
8.51865 39.4216 0.3708
8.8052 44.6669 0.327928
9.10778 38.3401 0.403156
7.25483 36.3849 0.36265
7.95715 37.2662 0.366151
8.83166 42.0006 0.489354
7.31299 47.5787 0.402349
7.19635 44.2301 0.616912
8.32886 40.8991 0.40315
7.97835 47.266 0.403794
7.8624 49.9335 0.447035
8.29503 52.1627 0.350393
8.45419 43.3674 0.424972
7.24018 50.4316 0.558778
7.46154 54.421 0.573037
9.44543 52.2478 0.484848
10.339 64.9053 0.785576
7.95324 54.8652 0.685617
9.12623 56.6096 0.533695
7.93905 52.8456 0.649267
8.03573 45.4641 0.503971
9.10926 48.8918 0.438079
8.87973 57.7204 0.514353
9.23605 51.4967 0.507499
9.00324 56.5462 0.571313
9.24132 54.3388 0.539569
9.16668 54.0941 0.601584
9.44318 60.1976 0.453708
9.70198 53.0112 0.638795
9.63963 50.4317 0.545493
9.72977 55.0285 0.44131
8.32648 53.5462 0.432561
8.50935 47.4447 0.442829
10.4248 48.7099 0.469986
8.70231 41.0459 0.335076
7.89741 43.6039 0.376741
8.12505 37.8264 0.491986
7.6254 39.0159 0.888892
7.91796 48.6348 0.467889
8.35807 45.2777 0.505274
9.87655 62.4067 0.550295
7.47632 39.0929 0.399119
7.06866 37.1661 0.502038
6.97568 22.6695 0.270562
8.929 31.5387 0.370055
9.87472 54.6731 0.487912
10.2954 50.9898 0.405577
9.58615 50.1153 0.559798
6.92917 54.2767 0.96533
11.0831 50.742 0.52489
9.03585 58.4303 0.690577
8.49443 48.8648 0.497611
8.96764 49.1677 0.365876
8.77577 49.544 0.388166
8.66788 38.3054 0.493383
7.8326 40.6574 0.439631
8.36196 38.6876 0.38299
7.97456 52.5368 0.466342
8.83526 46.2165 0.345987
7.93988 34.6258 0.322152
8.21712 45.0809 0.471436
6.99678 24.9109 0.208667
5.1138 0.230321 0.000624
5.0689 0.074893 0.000273
7.40735 22.2431 0.243928
8.33224 27.5137 0.387024
7.81811 21.9448 0.20151
8.39013 24.5668 0.28463
8.03734 23.2701 0.601741
7.36334 15.6576 0.254641
7.47938 20.6285 0.246384
7.38726 21.4376 0.141632
8.28787 25.1936 0.269501
7.97695 13.8653 0.190322
6.16672 11.7735 0.085704
6.15183 9.99444 0.078638
7.39326 13.6724 0.338531
7.24691 14.4906 0.137644
7.31761 17.643 0.355175
6.82207 6.65706 0.058947
6.83054 0.070424 0.000334
6.34567 0.062912 0.000272
6.24731 0.287372 0.000725
8.06487 0.681698 0.016154
7.94398 1.24591 0.003925
7.61482 15.982 0.15392
8.11654 24.3494 0.247898
8.85929 22.8001 0.222496
8.20477 20.9104 0.252272
9.91605 51.5957 0.43631
11.6485 56.9761 0.482513
8.78032 26.2311 0.362315
7.5016 23.1776 0.234321
8.60562 25.4139 0.302714
7.53277 18.7792 0.323163
7.58057 6.84965 0.120106
7.11599 13.5211 0.223389
7.60799 23.1734 0.208484
6.35624 6.41585 0.041325
7.39961 9.73699 0.163504
7.47874 12.789 0.187489
9.03518 9.05589 0.203355
6.58788 14.8105 0.201521
7.75114 14.1717 0.222546
6.20212 28.9648 0.357488
7.32747 27.931 0.24802
7.87987 29.8902 0.33603
6.719 22.0769 0.206727
6.47747 32.7148 0.254892
5.64599 24.777 0.334126
6.57825 17.7001 0.152495
6.86054 34.979 0.308528
6.96412 20.816 0.203783
7.10534 31.1837 0.367108
8.45373 34.0213 0.497154
6.96166 34.3651 0.324586
6.50169 26.8534 0.469528
6.48865 31.917 0.40086
7.59783 39.1438 0.275998
6.13836 31.9945 0.279021
6.56208 32.5317 0.327016
6.69234 24.5876 0.183944
7.20223 40.3284 0.332952
7.23687 34.0524 0.316837
7.21748 29.0343 0.250643
6.62349 20.4555 0.193671
8.41557 96.6082 0.682305
7.02381 40.5584 0.377822
8.62096 43.0184 0.361354
8.73984 47.6455 0.330522
8.57283 61.8067 0.559783
8.31077 69.7381 0.676701
10.3128 59.4155 0.493111
9.69388 55.9328 0.539394
9.86795 63.3498 0.579278
10.5388 50.8875 0.38591
9.14487 48.1384 0.403137
10.9618 55.6055 0.462578
9.75522 49.3712 0.487672
9.03149 40.2821 0.381345
8.39965 51.9871 0.458692
8.61867 58.6225 0.476604
9.66697 56.7454 0.574946
6.56679 47.938 0.419521
9.36414 61.553 0.563099
8.58906 60.4959 0.708209
7.51812 40.0094 0.389694
7.74127 44.478 0.479507
8.16115 45.4397 0.535096
7.98019 35.4972 0.50996
7.11983 38.6313 0.538636
6.26286 40.3874 0.506314
6.65043 24.0515 0.307559
6.21544 19.7722 0.333572
5.76734 16.7181 0.235288
6.77808 15.0714 0.118273
5.63427 28.6592 0.495897
4.09117 11.6027 0.139443
5.90309 29.5854 0.227733
7.42488 53.1217 0.533337
6.27993 17.7461 0.199429
8.87235 58.7242 0.538886
6.66678 25.7481 0.40615
6.45288 18.8762 0.273108
8.01116 26.6856 0.330233
7.12014 22.2706 0.170963
8.33994 28.8345 0.367566
7.921 22.6499 0.240103
10.3049 65.9991 0.428249
7.93496 33.3805 0.411815
8.32894 43.856 0.490538
7.77871 19.6821 0.231183
8.32993 30.6946 0.232014
8.20537 23.249 0.276715
7.54345 29.006 0.322715
8.99698 28.2339 0.348181
7.53924 24.8736 0.310366
8.295 38.7704 0.371334
8.14611 33.5567 0.276806
8.70391 40.4438 0.401547
8.8324 39.5704 0.458593
8.345 26.8553 0.254328
8.77257 25.4879 0.239396
9.71124 64.5563 0.316622
8.51169 22.4969 0.1755
8.77152 15.3023 0.086121
7.92748 15.4962 0.154769
8.0361 10.1471 0.135214
6.74051 0.454952 0.000842
8.48457 0.085402 0.000326
4.00168 0.398364 0.000476
6.82231 0.882735 0.001489
8.26923 27.1711 0.797506
8.6094 13.0525 0.448192
7.85717 12.7419 0.255582
7.80275 21.518 0.222111
5.70533 0.249795 0.000214
6.41195 5.68945 0.001091
6.63166 1.18445 0.044739
6.88881 4.58222 0.134694
5.95017 5.76309 0.090326
6.19888 14.0222 0.099283
5.58915 5.23325 0.030228
7.17875 17.5606 0.232241
6.83917 19.3027 0.490949
4.6573 11.7131 0.112253
6.66066 15.9024 0.15393
6.32901 13.7339 0.524576
6.32728 14.1082 0.184896
6.25778 9.03369 0.120676
6.86159 20.1445 0.19811
5.73589 11.4293 0.199299
6.10513 27.1423 0.312185
6.56111 16.142 0.183854
8.0922 20.9754 0.265708
7.70845 22.7843 0.317878
7.27427 23.8402 0.299231
7.62461 23.878 0.325677
6.963 24.1148 0.345629
8.08838 28.3912 0.369373
6.77197 32.0959 0.40456
6.92766 21.6407 0.266397
7.14621 22.611 0.290751
7.19824 17.2958 0.350337
7.0269 23.5911 0.549794
7.77516 31.7646 0.381856
7.53923 30.7931 0.41547
7.79767 30.331 0.481549
8.07793 28.3141 0.355337
7.91846 25.662 0.372691
7.77299 27.6129 0.325105
9.07466 37.3564 0.506274
8.87404 48.0673 0.521998
11.5103 42.9057 0.594102
10.7001 47.0559 0.431031
10.2472 53.689 0.610207
7.60594 51.5531 0.597826
11.2739 63.6633 0.862102
12.1187 49.9344 0.540636
11.2051 53.2348 0.660159
10.5105 57.3963 0.793199
12.0125 55.6352 0.580681
11.4802 67.8279 0.607561
10.6041 54.1574 0.641521
12.0902 61.065 0.558906
12.6929 96.4271 0.714891
11.5778 83.9881 0.851116
10.9161 70.5833 0.747276
11.7673 64.5162 0.862371
12.8072 60.7148 0.812367
12.2311 60.385 0.617769
12.4266 70.5486 0.77977
11.6468 53.0351 0.774294
12.3363 67.153 0.578466
10.8991 74.2177 0.729923
10.6675 62.0407 0.697647
12.1516 62.1029 0.629491
12.1874 60.1632 0.617795
7.5487 72.1478 0.858289
11.8744 70.7352 0.643767
12.6183 58.0411 0.60237
11.9342 62.3235 0.685667
11.3999 57.5847 0.804101
12.8609 58.7284 0.53837
12.1133 60.0482 0.682911
12.2967 62.084 0.970608
12.0688 62.3795 0.630117
12.9002 67.0093 0.681737
13.5604 66.0385 0.581858
12.299 69.4173 0.87397
12.6071 69.85 0.735444
12.8666 70.2258 0.721387
13.1658 57.9806 0.53221
12.6033 58.6335 0.715444
13.4143 60.6345 0.548631
12.5541 60.0163 0.550285
11.8604 65.7824 0.677127
13.148 70.3732 1.02033
12.5525 55.2964 0.614702
12.8294 54.5954 0.532255
11.5983 72.1921 0.928064
12.9333 72.369 0.887814
12.9465 59.8267 0.592798
13.2251 80.4984 0.83752
14.3316 64.8945 0.594702
15.4236 68.4007 0.578585
13.194 74.2941 0.901999
11.5625 64.1405 0.696324
12.5442 76.3839 0.946632
11.8028 68.6105 0.676861
13.2282 64.3568 0.635499
13.3854 58.9441 0.549052
12.9521 59.4911 0.670367
12.4171 56.0454 0.79557
13.2237 99.286 0.825911
13.7312 73.4228 0.98357
13.4258 57.9668 0.663796
15.5131 96.6005 0.693106
14.3876 62.7445 0.67584
13.178 64.917 0.914075
13.3937 84.3718 0.921159
13.3273 79.9327 0.744706
19.6209 79.2845 0.754351
13.685 70.2403 0.621906
13.8435 73.2537 0.888807
14.2974 78.4841 1.3997
20.9687 76.9372 0.759848
14.4363 63.7794 0.79678
12.9428 67.828 0.686663
12.8194 63.438 0.830452
13.1748 42.3665 0.636015
14.1802 56.1105 0.595528
14.8151 63.5576 0.876826
12.5617 57.7899 69.4835
13.0953 59.8122 0.764888
13.1419 61.3894 0.836776
14.4838 58.0105 0.556306
13.9319 66.74 0.621223
13.9244 63.4981 0.696057
14.6094 64.0514 0.7212
15.0796 70.4074 0.621609
16.0522 68.5589 0.823649
13.8603 53.2819 0.582496
12.0539 58.5733 0.846955
13.1759 80.3804 0.789019
12.9808 68.2845 0.634323
11.9446 68.2007 0.643547
12.5551 58.4831 0.549302
14.275 67.0759 0.661502
13.6306 62.8844 0.692617
12.896 65.0514 0.566911
12.451 46.1035 0.483129
12.1825 48.3158 0.46134
12.0173 57.7146 0.567545
10.7603 51.3028 0.551116
14.4119 46.6054 0.51772
11.9482 46.6932 0.608466
12.185 47.3264 0.48823
13.1883 43.7278 0.369719
11.885 50.6515 0.455932
11.6008 50.1955 0.509159
12.2223 54.194 0.629392
10.7329 55.3182 0.645978
12.792 53.5558 0.567677
14.1217 60.6657 0.574786
13.7108 56.4194 0.612797
11.9209 65.9996 0.688814
13.1992 50.9938 0.701545
12.3396 65.7311 0.568581
13.3572 64.3304 0.581409
11.1402 61.1853 0.563569
11.5318 61.5447 0.526846
12.3426 50.4137 0.462495
10.3798 72.5384 0.704791
12.0654 98.2504 0.823671
10.578 64.533 0.884043
10.4009 67.1432 0.819654
8.45752 44.6633 0.48433
7.52796 35.7885 0.482775
7.9792 34.8752 0.387915
7.17954 27.504 0.339799
5.77771 22.2581 0.296373
6.02331 58.6271 0.583384
5.79455 52.0295 0.567032
5.77504 47.7649 0.451111
6.76462 51.0806 0.496426
6.42061 30.4655 0.314407
6.02529 25.2081 0.329095
6.46218 34.4025 0.35874
5.82598 20.2602 0.268851
5.84407 48.8328 0.370999
4.81405 6.7452 0.128915
4.58651 16.3705 0.232305
4.91541 18.2609 0.414365
4.70743 19.8341 0.460371
5.42539 23.209 0.160424
3.85022 8.14641 0.068543
4.48764 0.057014 0.000208
3.46254 4.7759 0.044274
4.28963 0.065899 8.7e-05
6.97512 24.0516 0.432797
7.18523 33.0901 0.328199
4.76579 1.51754 0.002678
5.17163 10.4933 0.125981
8.83368 57.487 0.458105
7.7405 38.3029 0.303734
6.67796 40.362 0.392491
8.21689 56.4895 0.525448
7.02243 39.9909 0.353404
6.75118 37.7558 0.311332
6.68305 35.9643 0.269579
6.56562 13.634 0.158769
5.7351 3.89477 0.033864
5.58412 3.97536 0.059337
7.29807 30.1481 0.351956
6.5644 61.6081 0.541289
4.85899 43.9886 0.822303
5.55214 47.0083 0.410402
5.69519 34.1298 0.33458
7.16587 30.0744 0.251965
3.67417 0.473689 0.000806
3.05597 0.068382 0.000284
6.59164 33.2608 0.21983
6.72239 50.019 0.526487
4.85084 30.4259 0.361429
4.8308 30.1206 0.26762
4.29409 27.6264 0.248514
4.73657 36.5018 0.242436
4.7807 39.8222 0.367984
2.86828 0.062224 0.000174
6.01034 34.8765 0.345113
4.38651 18.9871 0.2636
4.54463 0.066561 0.000301
6.46562 36.8507 0.318766
3.51953 0.188915 0.00088
4.32935 1.59076 0.013708
2.84107 14.0389 0.007363
4.09711 0.16238 0.000823
4.82739 38.9693 0.562432
4.43573 39.3587 0.249049
4.21984 5.86951 0.141921
5.13194 5.14247 0.103455
4.65235 31.6524 0.321609
3.59797 1.21302 0.004685
4.99062 30.06 0.275555
3.8953 10.7931 0.17939
6.95122 47.0011 0.380556
4.65944 6.331 0.122943
4.91882 12.6488 0.436354
4.53792 20.2425 0.217811
5.92627 32.9601 0.44238
5.2182 17.6141 0.20682
5.38224 23.6019 0.242135
5.80285 18.4908 0.225564
4.98015 23.8798 0.270754
4.96315 14.2952 0.098381
6.44578 30.4838 0.288909
6.07641 36.2651 0.363578
6.18952 38.2051 0.418802
6.55004 62.8557 0.515551
6.67635 36.3665 0.283881
7.33266 40.4073 0.403385
6.74477 48.0407 0.425115
8.29899 42.599 0.484272
8.43759 61.8122 0.460205
6.94084 21.3866 0.270922
10.3284 68.3909 0.534123
9.93741 65.3046 0.53043
9.51628 60.7973 0.681138
9.46959 58.184 0.52742
9.21003 67.6682 0.495337
11.1849 52.0796 0.410372
10.8656 84.6131 0.889349
9.13853 71.6463 0.761104
11.2245 83.0651 0.777855
11.2819 86.7658 0.837484
10.3694 85.5057 0.628447
11.9556 91.5706 0.624164
12.4449 74.7464 0.720137
9.82682 78.9225 0.75563
10.0372 64.1967 0.642257
11.019 96.3503 0.82824
13.0433 81.1175 0.606986
11.7074 80.5077 0.575323
9.53821 77.8936 0.89457
10.7947 42.914 0.401956
9.83647 59.4006 0.410518
10.0958 58.2887 0.496959
8.41042 61.0308 0.522301
9.06628 91.2777 0.498522
8.19684 56.9625 0.417703
8.28294 58.9867 0.506642
7.34703 63.9907 0.525166
8.10822 61.1625 0.543663
7.26055 48.9213 0.364764
6.44513 56.7053 0.521779
6.96791 55.468 0.425338
7.03237 56.0185 0.518658
6.19088 59.3835 0.500654
6.73091 58.3223 0.510654
6.96622 53.891 0.392489
5.60538 53.0533 0.399917
6.08718 62.3902 0.587931
6.7112 59.1778 0.416211
5.57841 48.8816 0.410891
5.63851 70.2152 0.618624
6.10704 69.874 0.638054
6.24968 47.831 0.566643
6.02345 62.1014 0.537464
7.42095 68.7717 0.606705
6.48797 44.9557 0.427636
7.30086 57.5333 0.553359
7.22559 53.5022 0.623147
6.97088 49.4751 0.389091
6.3249 51.3317 0.476993
5.42995 48.1743 0.474895
6.76405 44.8542 0.379547
6.11631 39.8537 0.379589
4.39712 24.3332 0.401849
3.92566 38.8931 0.502591
5.01783 37.3149 0.462961
4.38786 31.4645 0.425133
3.92165 43.2223 0.554155
3.90692 27.8826 0.29729
4.35466 33.223 0.967028
3.55206 41.237 0.475157
4.72025 44.5883 0.56417
5.12075 24.7603 0.325517
4.00668 32.5485 0.40334
4.72021 33.9079 0.441318
5.33302 32.5558 0.277454
4.31689 29.1479 0.439709
4.6464 33.7991 0.226887
5.32545 38.8209 0.401127
5.64002 52.9978 0.444781
6.51753 48.91 0.458605
6.26892 37.5357 0.364391
7.23085 51.6162 0.566016
7.22587 46.257 0.457888
8.46927 52.6642 0.420377
7.29763 59.3693 0.516599
8.46684 56.3243 0.397863
7.22952 48.4477 0.434802
7.67916 51.5325 0.554559
7.10827 36.6698 0.267092
8.63363 61.6445 0.444555
6.7898 20.5329 0.227452
6.18366 0.890882 0.020939
7.62187 12.2515 0.373789
5.90621 15.3777 0.159257
6.5719 54.8282 0.348422
7.52912 30.2375 0.225
6.78395 9.50028 0.173024
7.00786 17.28 0.233447
6.04547 13.1288 0.208333
6.47242 1.02936 0.056109
7.7715 0.613878 0.002673
3.97555 7.71068 0.148449
4.44757 1.07918 0.006138
4.3203 0.061175 0.000147
4.58532 0.06926 0.000149
4.16335 9.5104 0.213943
6.43774 55.8661 0.4757
5.15029 3.28926 0.033464
4.061 0.062492 8.9e-05
4.50634 0.064847 0.000201
5.66385 0.079882 0.000261
2.40298 0.074836 0.000246
3.07446 0.079459 0.000301
2.28137 0.065677 0.000281
4.39074 0.436357 0.000892
5.85588 2.24414 0.014764
3.41684 0.063684 0.000356
4.08967 0.059424 0.000176
3.47784 0.058333 0.000209
4.24815 7.40649 0.058837
4.97933 15.2651 0.134187
3.96198 0.084141 0.000162
3.25895 0.063506 0.0002
4.81234 0.153024 0.000239
4.47519 5.33377 0.114848
4.52801 2.18359 0.043327
4.61377 2.90214 0.009772
2.54926 0.287526 0.02716
3.03395 6.65188 0.062924
2.21913 0.070085 0.000391
3.47491 6.40418 0.30997
5.48306 20.2577 0.436758
5.02638 18.159 0.251782
5.16266 16.0165 0.270432
5.9377 12.6077 0.216647
7.07 14.5 0.225615
7.01063 20.0511 0.288791
5.92475 24.5835 0.375058
6.44855 38.0025 0.634659
6.47425 41.4677 0.573453
6.38172 5.69981 0.132559
5.85963 13.1712 0.192905
5.3596 6.94764 0.17498
6.0975 7.28514 0.188022
6.19086 17.6699 0.218492
6.31617 19.1623 0.711912
7.0201 20.5376 0.787221
7.07336 19.2656 0.408513
6.29661 21.7762 0.463431
6.28507 22.7634 0.274907
5.151 15.4174 0.235914
6.46372 16.7408 0.363031
5.06252 21.562 0.595606
6.05072 17.048 0.22254
6.80423 24.0192 0.292863
7.86079 40.0549 0.502991
6.922 28.3396 0.598375
7.27922 29.4066 0.368119
7.6781 34.4616 0.468702
8.6831 41.0807 0.543169
8.92711 48.2986 0.740854
8.12203 43.7622 0.627283
8.78497 53.4285 0.579647
7.50156 41.0871 0.368301
8.37135 54.0175 0.534391
9.19468 51.3763 0.394929
9.23567 36.9052 0.483812
9.27424 47.6149 0.665441
10.8548 45.587 0.454831
10.24 63.7415 0.65065
10.7311 53.6684 0.426002
9.58691 54.8965 0.470635
9.10426 66.8842 0.676761
10.5408 71.6998 0.836075
9.10661 62.2968 0.541804
11.4846 62.915 0.629602
11.2547 80.0627 0.671986
10.3064 71.9 0.865761
10.4009 74.3193 0.841806
9.9094 66.8836 0.904494
11.9293 60.7299 0.600908
12.4581 62.4441 0.697712
12.8704 68.8679 0.81047
13.1387 78.5998 0.92576
11.839 68.2454 0.901902
11.2546 51.5716 0.647378
11.4305 44.8199 0.450082
12.2537 65.6309 0.580512
11.064 89.0734 1.02345
11.9719 90.8833 0.901025
11.0203 90.4468 0.883008
12.8233 75.4379 0.751668
10.8419 81.2736 0.947122
10.8127 80.3656 0.672757
13.1506 69.8213 0.734361
13.3947 69.2156 0.668492
12.5961 59.3106 0.509479
11.2006 75.6727 0.950216
10.3336 62.8824 0.694116
13.2075 86.7196 0.731756
10.4834 74.4829 0.716253
11.824 73.2396 0.843879
9.98913 79.4713 1.0226
11.8831 81.3733 0.679584
10.1076 68.164 0.768982
12.3256 78.6719 0.921557
11.1809 69.7729 1.04341
12.0054 73.2015 0.955019
10.4199 70.8204 0.612404
11.6361 52.7354 0.575774
10.3265 79.7283 0.994436
10.781 59.4747 0.582466
9.41364 63.9761 0.829107
11.0713 60.8257 0.609048
11.6103 62.6252 0.637872
8.55475 69.672 0.648295
9.29962 76.5859 0.933712
10.0809 81.9889 0.813218
9.15646 64.1859 0.790814
9.04447 64.1109 0.661028
8.43596 63.9342 0.813214
9.87995 82.5483 0.727231
8.77746 70.6206 0.731664
8.31143 74.8987 0.70332
8.63564 54.2219 0.650656
8.88675 56.478 0.5674
8.19402 71.2653 0.81712
7.78698 58.3848 0.671152
7.04259 54.7294 0.505322
8.34376 69.5069 0.741676
9.73376 62.5165 0.598743
8.9379 62.134 0.850712
6.93311 37.0821 0.340039
7.71696 33.7288 0.554307
8.98321 30.7625 0.410123
9.00982 43.1217 0.46523
8.12108 74.991 0.573794
8.60724 86.0432 0.6476
10.7605 76.281 0.573156
9.62333 65.8356 0.587116
8.45267 54.3305 0.501047
8.32854 77.2362 0.7046
9.94128 86.0944 0.842393
7.87695 69.981 0.676383
10.7668 61.7797 0.65722
9.62087 81.6782 0.885816
9.42648 67.9474 0.553843
9.18495 69.6172 0.601931
10.217 79.1213 1.07999
10.2102 78.6882 0.634097
8.47149 77.108 0.695293
7.79717 64.8465 0.83183
9.74739 88.8098 0.956222
10.4239 66.6943 0.830774
9.00298 81.9502 0.675533
8.89295 69.4631 0.57907
9.21134 78.4736 0.722458
7.95438 64.9867 0.632304
8.69717 68.8823 0.53036
8.78006 72.8533 0.773747
8.78493 68.9259 0.752739
9.15894 60.8407 0.43943
9.60211 53.5701 0.478457
7.35438 72.3267 0.677313
6.38767 39.4385 0.453065
8.08431 62.4855 0.666406
7.85234 57.0645 0.656037
7.38828 57.4833 0.46483
7.92394 66.1408 0.557926
7.55208 60.5982 0.397515
6.91097 52.863 0.563776
7.88424 39.8035 0.498157
7.98524 41.1015 0.424466
7.9878 47.9127 0.355846
7.96415 74.4157 0.458971
8.57283 42.4673 0.353998
7.4977 38.4036 0.392011
8.2528 41.4716 0.527649
5.42715 15.3262 0.478628
7.33342 33.0764 0.336174
6.13427 11.1184 0.211849
7.7234 18.8526 0.407312
8.13176 35.4331 0.467564
6.07019 14.7504 0.197402
6.82729 12.9139 0.176369
10.6373 20.5815 0.423787
7.06432 19.6673 0.229071
7.30708 30.8182 0.364903
8.30254 55.0928 0.508714
9.10814 63.4316 0.685335
9.41275 53.2031 0.602113
8.80688 55.9502 0.495615
8.22715 49.331 0.389698
7.84806 27.5044 0.409611
8.59416 40.4932 0.441326
7.86697 40.4141 0.358107
7.99872 35.6185 0.324996
8.90912 49.1411 0.561886
7.81782 35.9089 0.419705
10.0622 49.8306 0.525596
8.59149 50.3362 0.443576
8.45974 50.6246 0.474755
9.72055 56.7411 0.542336
10.6508 46.6153 0.572384
10.061 53.8279 0.532025
10.1406 56.587 0.593531
11.3727 76.5473 0.634615
11.799 67.8526 0.717601
10.4783 44.5041 0.407608
10.2724 47.0168 0.43355
9.54799 58.7841 0.593835
10.6781 32.9604 0.336623
11.2505 66.6927 0.65005
12.0003 61.6137 0.514616
12.1461 69.1795 0.588742
11.9565 76.0296 0.646279
8.19102 34.4879 0.338712
9.55381 72.6467 0.76106
11.3344 80.5416 0.699195
10.042 80.5113 0.676508
10.2976 67.1152 0.570225
9.37549 78.3215 0.626904
7.57304 28.5835 0.263253
6.65927 17.2312 0.265844
9.6731 61.6795 0.46268
8.23067 73.7655 0.613033
7.19942 62.3758 0.527296
8.18446 84.4989 0.738598
7.20527 74.3299 0.75195
7.69742 81.7111 0.814024
8.18832 77.4282 0.956114
7.5245 65.6731 0.58839
7.64216 57.0523 0.519495
6.62623 71.9975 0.586639
5.77329 73.627 0.652614
6.18912 58.6944 0.547145
7.03557 59.587 0.410869
5.16717 35.4932 0.44979
5.53606 58.5391 0.50791
5.49382 40.4999 0.346939
6.32621 45.0928 0.379811
6.72645 44.9053 0.361426
5.82249 34.2008 0.401121
4.70626 27.2233 0.33204
6.82506 59.3507 0.451796
5.48589 40.8958 0.342836
6.73201 61.1243 0.596458
6.16961 66.3004 0.827316
6.74069 66.7861 0.467706
6.74762 62.9397 0.5423
6.22937 45.3415 0.37856
6.62378 47.1219 0.476933
8.96221 74.444 0.748523
8.74423 81.9487 0.72547
6.1706 59.6089 0.370053
6.02694 58.0776 0.489985
5.99023 50.3897 0.52725
6.8242 35.1846 0.389402
7.75099 71.6301 0.768561
6.51601 42.8123 0.361343
5.82883 22.2234 0.343211
5.93884 44.4665 0.490203
6.18833 52.989 0.532535
5.86462 27.2637 0.285238
5.05185 27.0483 0.368567
4.9422 25.1995 0.317775
5.84698 24.506 0.307563
4.64726 12.9886 0.120009
5.78411 33.1362 0.314933
6.02759 17.4281 0.141698
4.5728 16.9759 0.150711
5.64514 20.4659 0.250179
4.80345 25.2196 0.182121
5.84051 45.3663 0.427303
5.98646 41.5449 0.376181
5.53922 18.6367 0.230295
4.52643 9.46825 0.162754
4.72688 0.250751 0.001192
5.10149 6.48306 0.127476
5.07263 10.1633 0.118638
4.90287 17.4418 0.222143
6.12041 26.3328 0.28308
6.83111 31.9501 0.32173
5.45324 20.0102 0.175447
5.93346 24.6872 0.196548
5.82642 36.3312 0.884801
5.56601 2.43106 0.036942
6.00957 8.32255 0.154259
5.19643 0.467019 0.01458
7.4613 33.2373 0.579495
7.93389 27.2698 0.450257
8.54359 33.119 0.49221
7.69731 38.3942 0.533999
8.5118 28.9247 0.730276
7.84859 40.7494 0.498486
8.01665 32.9546 0.619919
10.1981 38.6659 0.584577
10.4782 55.2216 0.576475
9.05954 49.5592 0.639832
10.4617 50.7336 0.672775
8.86848 29.6658 0.68863
10.9271 55.1574 0.641635
10.6138 18.088 0.489248
9.09448 46.9176 0.630065
9.42448 61.7157 0.910107
10.9632 53.2501 0.514212
10.0564 44.8335 0.624011
8.75328 28.0955 0.383639
9.54719 28.5839 0.714833
11.2244 46.4126 0.710352
10.8341 55.674 0.570832
11.8112 58.831 0.629532
9.81316 53.78 0.723112
10.0171 30.3531 0.447021
10.0608 39.3703 0.517337
10.5972 37.3753 0.904793
10.1234 29.7163 0.527021
10.8204 44.5091 0.556684
10.6492 38.7302 0.653815
11.1228 44.3421 0.793224
10.9214 44.2076 0.671323
11.725 60.3733 0.894465
10.6001 63.8376 0.813825
11.6477 54.5778 0.946973
11.7034 67.7404 1.04007
11.2129 68.1976 0.836262
12.4135 67.4548 0.778589
14.2294 61.8213 0.715495
12.3436 64.4475 0.84086
12.6849 55.1413 0.616326
11.6487 66.9737 0.948705
13.9521 78.4425 0.659465
13.0137 73.6852 1.07017
12.4013 71.3852 0.944095
12.5409 67.7519 0.750531
12.5111 89.6795 1.206
12.2064 70.8406 0.982427
12.2806 64.1872 0.994764
13.4893 83.687 0.935173
13.0266 87.6549 0.99364
13.9843 88.7368 1.08055
15.8844 74.3178 0.655241
15.254 88.6583 0.722137
14.7355 85.4765 1.08789
14.5272 82.5456 0.739891
14.3951 70.9394 0.850653
18.0747 79.4117 0.693698
13.8832 90.2597 0.87069
14.5887 76.4959 0.772085
15.8139 74.9627 0.756777
13.2292 77.3243 1.06608
15.1305 77.1239 0.824934
12.8333 79.3002 1.10233
13.8441 74.0461 0.816333
13.1279 70.6873 1.09857
13.6917 77.524 1.20651
15.7389 81.2803 1.00428
13.718 74.3122 0.763368
14.7767 81.8358 0.873552
14.3364 84.4755 0.961224
13.2593 68.3321 0.766603
13.06 94.5449 0.738498
16.1317 82.2355 1.08599
14.4704 80.0681 1.0386
14.5251 52.5669 0.734006
15.7552 65.5769 0.859567
14.2434 64.3522 0.666057
13.2881 66.4609 0.828597
14.0606 67.2895 1.00641
12.8955 83.4537 1.01971
14.5839 83.5874 0.928046
13.0582 79.233 1.0596
14.2228 86.3321 0.732888
13.4004 90.4851 1.0877
13.184 80.0603 0.961363
16.4013 65.7355 0.986781
13.1259 63.9602 0.792278
12.1218 74.0224 0.843419
14.3162 66.0227 0.913802
13.2659 79.8046 1.1001
15.3996 79.1562 0.937168
15.176 76.7709 0.867452
14.424 77.1417 0.701251
14.7581 74.128 0.849702
11.6953 71 0.96987
12.7767 74.565 1.01229
13.2829 66.7309 0.844425
16.241 74.5835 0.779026
14.142 78.2438 0.948458
13.3578 63.5631 0.778332
12.798 80.195 1.01574
16.3777 78.5131 1.01531
12.7512 66.278 0.6979
15.4258 76.8635 1.08
13.1127 90.1183 0.739689
13.5538 71.5167 0.927242
12.5948 60.7507 0.737554
14.1666 60.7021 0.793334
13.3608 76.944 1.02564
13.5334 74.8387 1.12621
15.3342 77.1574 0.881992
13.8664 87.293 0.894172
16.0037 76.0485 0.912373
13.6056 68.8301 1.25519
12.9177 91.6185 0.90464
13.3361 88.5378 0.973877
15.3919 74.7547 1.01239
14.7583 86.4349 1.22361
14.9631 92.8312 0.947017
14.7383 78.2534 0.988641
