7.60677 3.5e-05 0.313437
4.62147 2.8e-05 0.357246
4.96377 3.8e-05 0.733937
7.56842 0.000138 1.00253
8.84241 0.000118 1.60186
6.47292 0.000177 1.13319
13.1964 0.000166 0.778543
5.53213 3.3e-05 1.10978
5.18355 2.2e-05 0.576886
4.64306 2.9e-05 0.445761
4.89784 0.000132 0.481556
7.12564 3.9e-05 0.623437
5.20448 3.6e-05 0.479157
7.27103 4.2e-05 0.580453
6.67483 3.1e-05 0.589758
6.53149 0.000105 0.979305
7.03879 3.1e-05 3.13033
5.07569 2.1e-05 0.494433
6.07595 2.9e-05 0.497491
5.44969 7.2e-05 0.643596
6.8955 0.000104 1.07534
4.79998 2.4e-05 0.554472
5.78179 2.8e-05 0.76617
6.03233 0.000125 0.49418
5.13362 2.2e-05 0.456904
5.60567 0.000136 0.670487
4.78431 2.3e-05 0.445367
4.27872 1.8e-05 0.464045
5.67909 2.3e-05 0.561416
4.79035 2.8e-05 0.546063
5.1528 0.000156 0.526328
5.04934 2.1e-05 0.491222
3.65864 2.5e-05 0.480307
3.98509 2.2e-05 0.475388
4.87516 3e-05 0.566986
4.54459 2.1e-05 0.485034
4.28264 0.000105 0.427422
5.37714 0.000114 0.51749
4.9632 3.2e-05 0.531682
5.52172 2.5e-05 0.611861
6.32897 3.2e-05 0.519033
5.41056 2.8e-05 0.682931
5.67754 2.5e-05 0.546284
5.13631 2.5e-05 0.696242
5.02196 4.3e-05 0.560073
4.25672 3.3e-05 0.616591
6.48793 5.9e-05 0.978035
4.02849 2.4e-05 0.581288
4.73686 0.00011 0.8746
5.42329 3e-05 0.64891
4.38322 3.2e-05 5.05326
4.96384 2.5169 0.553183
4.65271 1.71971 0.30823
3.85036 2.34599 0.422134
4.70753 2.41567 0.531646
4.47265 2.79079 0.5704
4.05499 2.86331 0.447799
5.33861 3.24228 0.663767
5.49225 3.25536 0.924553
4.64218 3.11562 0.468258
4.27013 2.72069 0.515414
4.98324 2.8505 0.594748
4.81123 3.55226 1.0478
4.72641 3.62372 0.713681
3.82179 3.13216 0.384452
5.01915 3.39587 0.69921
4.10061 4.06115 0.56759
4.11473 2.84948 0.374104
6.30709 4.01747 0.399987
4.82957 4.46317 0.880978
4.28794 4.80705 0.867011
4.80079 6.26867 0.887419
4.68597 4.92042 1.13136
4.83237 5.63071 1.08952
5.4633 6.78393 0.632429
4.27087 6.5253 0.863476
5.25681 6.54426 0.795385
5.10535 6.92327 1.10573
5.20762 6.92252 1.14903
4.64362 6.56665 0.801396
5.22898 7.49555 0.567387
5.19297 6.90913 0.620988
5.26625 8.01841 0.600514
4.61198 8.27765 0.530507
4.63491 7.3462 0.626302
4.67736 7.23616 0.588161
5.23739 8.79597 0.933108
5.75713 8.1501 1.49416
4.72813 7.6009 0.77124
4.89923 9.02623 0.745831
4.63203 8.74677 1.08651
5.09968 10.9657 1.61273
4.859 6.55756 0.577236
4.41462 7.73817 0.651037
4.54615 6.62317 0.632646
5.10257 8.98137 1.48077
5.04212 8.6426 0.585267
5.86125 9.16184 0.883384
4.6022 8.83019 0.707714
4.90504 8.96306 0.952074
5.34996 12.3165 1.11366
5.36546 9.39076 0.730541
5.22738 8.97301 0.521002
4.59723 7.96625 0.666819
5.62826 9.71479 0.618929
5.00799 9.89655 0.868367
5.04171 8.66308 0.505175
4.80025 10.483 1.07515
4.52423 7.73855 0.617126
5.86913 10.0687 0.914978
6.39094 9.12499 0.658424
6.1615 9.88429 0.499833
4.82018 10.1566 0.526701
5.27612 10.3119 0.568709
5.28021 10.2034 0.808485
4.93089 10.9197 0.692944
5.21823 11.7989 0.576819
5.5782 11.744 0.792422
5.02089 12.3386 0.83451
4.90482 8.45256 0.5744
5.27636 9.8351 0.55684
5.49042 13.7432 0.802756
5.47724 11.3619 0.737101
5.77534 12.3879 0.748851
5.26962 11.2575 0.666378
5.64959 11.2208 0.686391
6.18749 11.8382 1.69413
5.67624 46.7856 1.20253
5.50903 11.5433 0.590902
5.49744 12.8339 0.666141
8.29557 14.0322 0.64768
6.52753 12.2139 1.20672
6.44062 16.4258 0.866063
5.55266 11.027 0.637043
6.36993 13.6971 0.842572
5.79326 12.6399 0.69943
5.58425 12.6659 0.578295
5.77079 13.7958 1.18529
5.20316 12.8793 0.538676
6.21294 14.0721 1.24179
5.06968 9.67667 0.477736
5.1593 12.2032 0.56217
4.96602 10.8415 0.488181
4.8225 10.1665 0.586759
4.93132 11.4332 0.455007
4.711 11.3785 1.30507
4.48434 12.5895 0.554845
4.70886 12.869 0.850313
4.50982 11.1839 0.456189
5.13414 11.1417 0.701843
5.19886 12.3926 0.439895
4.4485 11.4369 1.27397
5.06822 11.8063 0.53365
5.62815 12.7196 1.48845
4.66352 11.9526 0.470863
4.92047 9.77318 0.716161
4.16825 7.42838 0.332535
4.41798 10.8103 0.491729
4.45652 10.0312 0.636974
4.93615 9.02272 0.567421
3.45816 7.26595 0.620077
3.69928 7.95638 0.493519
4.27477 10.0649 0.314694
4.00452 8.52357 0.361316
3.47241 7.7105 0.40739
3.7315 6.34724 0.579995
3.07143 5.25744 0.335507
3.0814 5.69526 0.345913
3.88696 5.90375 0.523837
3.51291 4.12091 0.247144
3.98509 5.39614 0.267842
2.46667 3.62335 0.181774
3.09856 3.0975 0.129525
3.20849 2.99198 0.141332
3.14127 10.9109 0.71384
4.04112 9.61218 0.472656
3.53885 5.25237 0.391474
3.1522 4.54674 0.288485
2.45715 2.30915 0.077835
2.71265 2.83808 0.094109
3.56539 8.20962 0.56483
3.096 7.2938 0.339431
4.65788 6.70793 0.251432
3.49565 6.54135 0.647459
4.37693 7.20567 0.368305
4.64891 9.22519 0.437132
4.73795 9.58002 0.366193
3.88153 8.70801 0.462637
3.56681 6.68833 0.602613
2.95227 4.99277 0.257871
3.28537 6.19258 0.729458
3.5165 7.57417 0.881498
3.96075 10.3232 0.387914
3.88598 12.5766 0.963349
5.43924 12.9091 1.56091
4.07873 14.3912 1.08381
4.07882 8.07475 0.81906
4.11318 10.7855 0.510837
3.35556 7.68459 0.521173
3.33474 9.48908 0.578696
3.41312 6.60186 0.63999
4.22652 7.51232 0.766135
3.36923 5.67885 0.305564
3.8672 9.30629 0.470986
3.82789 8.42569 0.38602
2.78651 3.73314 0.164169
2.59346 3.95689 0.177537
2.83672 4.77867 0.24251
2.35528 3.63458 0.150424
2.7071 3.49105 0.12983
2.91041 3.4525 0.132869
2.3628 3.95165 0.153035
2.72474 3.74146 0.206592
3.37912 0.33197 0.009124
2.60692 0.863376 0.029292
2.1318 0.386604 0.020016
3.0564 0.145992 0.014421
2.24741 0.289577 0.011621
2.50838 0.393047 0.024009
1.86829 0.317613 0.009666
2.05613 0.251001 0.006489
2.46394 2.23799 0.046628
2.18941 1.80344 0.0385
2.33182 1.21558 0.022831
2.12636 0.364672 0.012937
2.02561 0.33283 0.005642
2.41062 0.982253 0.028812
2.03077 0.414753 0.006925
2.18836 1.40547 0.026463
2.29579 0.335069 0.014788
2.16011 0.222969 0.024011
2.05948 0.238143 0.008588
2.0256 0.179492 0.000168
2.02553 0.184196 0.00407
2.26804 0.145451 0.011274
2.13598 0.214655 0.013423
2.51733 0.202852 0.016181
3.18702 3.57206 0.177945
2.10172 0.199895 0.015864
2.33361 0.348882 0.004863
2.74959 0.688153 0.098279
2.55855 0.439537 0.052629
2.9216 1.00778 0.113778
4.12955 0.413207 0.055086
3.09452 4.20464 0.245371
2.90975 3.88784 0.229045
2.23532 0.184452 0.004833
3.90988 0.171174 0.005039
2.68311 0.863111 0.06759
2.76207 3.25066 0.175456
2.54286 2.41784 0.095514
2.75584 0.557358 0.035761
2.51813 0.42292 0.027851
2.52978 0.248204 0.017387
2.76796 0.264314 0.021591
3.09371 0.549215 11.1239
2.84009 0.502367 0.011358
2.67984 0.301151 0.013021
2.86583 1.47278 0.000285
2.18671 0.059741 0.000188
2.60288 0.68453 0.070803
2.70435 1.0153 0.065821
2.24578 0.199361 0.009817
2.01683 0.173877 0.000153
2.01449 0.227763 0.006218
2.21436 1.31431 0.011587
2.88681 4.30688 0.217272
2.26334 3.10666 0.092988
2.3987 0.32542 0.007223
2.14583 0.837574 0.017846
2.09462 0.381832 0.014612
2.48583 0.213392 0.016475
2.82488 4.14284 0.289752
2.71722 3.24504 0.155431
1.97334 0.197512 0.001143
2.22331 0.203389 0.017388
4.33302 2.91762 0.086429
2.80276 4.50688 0.266786
2.92727 3.42438 0.158168
2.73461 2.14917 0.079079
3.69508 3.31916 0.395585
3.94317 5.98809 0.282981
3.19505 3.07725 0.120164
3.53589 5.57317 0.641469
3.58989 6.40814 0.403673
3.31642 5.35677 0.35271
3.29379 4.20182 0.221902
3.46192 6.23139 0.663244
3.76301 7.93478 0.346335
3.60581 7.56092 0.448542
3.75647 7.30913 0.448841
3.64385 5.04431 0.274904
4.04778 10.2432 0.443534
2.9953 3.28103 0.130077
4.81435 12.8051 0.79231
4.35259 11.933 0.683877
4.84315 14.6022 0.629863
4.12196 11.4583 0.906889
4.42961 10.7069 0.580345
3.5219 3.90565 0.289349
3.12398 3.98574 0.29042
3.64514 5.80165 0.500197
2.75416 2.32514 0.082172
3.74591 7.53595 0.459769
3.94121 8.09434 0.266313
4.40628 7.85037 0.415056
4.23012 10.4917 0.532308
3.96858 9.01724 0.42704
4.61277 9.98163 0.598079
3.59833 5.6352 0.421181
5.57409 4.47201 0.194598
3.17503 4.7571 0.275234
3.10709 3.81292 0.165884
3.54354 4.95702 0.223421
4.28754 7.88336 0.437609
4.21464 3.90715 0.206371
3.09532 3.43902 0.235702
3.82506 3.15073 0.154378
2.98547 3.91752 0.191603
3.46026 4.40036 0.160226
3.12631 3.92198 0.177156
3.24294 5.36282 0.296751
3.15362 4.97099 0.25317
3.25755 4.78433 0.252874
3.52413 5.5689 0.466804
3.59942 5.59359 0.683267
3.69845 6.66985 0.394457
3.70697 4.67934 0.224759
3.45511 6.32275 0.380484
4.46375 7.6037 0.441891
4.47922 7.7332 0.353306
4.38734 6.6331 0.409378
4.75094 7.24993 0.344964
4.02972 7.97693 0.382051
3.94713 6.00505 0.534391
3.96392 7.51686 0.3888
4.21705 8.93432 0.377485
4.51081 6.69603 0.378604
4.09179 7.87067 0.544476
4.05788 5.99737 0.321426
4.00286 6.9618 0.432443
3.60145 6.07388 0.632744
3.99769 8.04909 0.424349
3.67257 5.63387 0.318921
4.31798 6.98238 0.316345
4.01736 6.47466 0.354877
3.73627 6.29788 0.207552
3.81447 7.59634 0.342499
4.26723 8.34383 0.352623
4.07442 9.27314 0.551152
5.22782 7.35265 0.311941
3.70612 7.3909 0.815931
3.78937 8.30763 0.298458
4.78134 10.3447 0.247473
4.95809 10.4487 0.473364
3.44503 7.62922 0.238362
3.64682 7.09279 0.305293
4.02908 8.27687 0.318266
4.44541 7.77847 0.332706
3.93774 7.63959 0.356398
3.6927 6.5356 0.48229
3.9635 8.27351 0.342749
3.70107 6.83009 0.239461
3.55713 7.8201 0.359562
3.59796 4.62366 0.292645
3.00689 5.21103 0.228059
3.45735 4.88247 0.361373
3.29554 7.80682 0.428183
3.38985 5.9659 0.311965
3.24776 5.72962 0.526827
2.9694 5.32153 0.240775
3.19919 5.99923 0.491432
3.43532 5.40929 0.213409
3.60993 5.97589 0.449972
4.40205 8.15775 0.283287
3.25701 7.41624 0.349725
4.13099 8.82601 0.655076
3.47088 7.79621 0.653328
3.40361 8.18617 0.332623
3.80922 8.0488 0.293807
3.35967 6.55826 0.652191
3.21363 5.96425 0.43935
2.89252 4.8129 0.209359
2.89399 6.10731 0.554131
3.11692 5.54466 0.400294
2.83986 5.19079 0.239284
3.20444 6.03806 0.306685
3.044 5.61057 0.207362
3.0746 3.79751 0.186323
3.89451 8.76664 0.571116
3.30779 8.02575 0.271217
3.25669 7.40707 0.292381
3.19439 6.19464 0.493958
3.73346 5.58931 0.526509
3.7108 9.02893 0.381452
4.07168 10.7084 0.490613
3.77591 9.96949 0.330931
4.51745 9.0555 0.48812
5.09485 11.8307 0.446638
4.98771 9.94674 0.268824
4.41343 11.3858 0.475168
5.72529 10.5007 0.549575
4.74556 11.4412 0.27339
4.5259 12.884 0.409923
4.39737 11.4982 0.378345
4.18679 9.91435 0.483335
4.6993 34.6006 0.679631
4.6345 13.4257 0.429189
4.74039 16.8099 0.489816
5.61226 15.2922 0.437161
4.56625 12.8538 0.381
4.77392 13.206 0.411548
4.74009 13.7567 0.450034
4.69504 13.1472 0.39041
5.06809 15.8097 0.684711
5.03275 15.52 0.394798
5.68055 14.3318 0.463739
5.44141 16.6022 0.526903
7.01977 17.0927 0.759461
5.31435 17.2788 0.936936
5.0329 14.3431 0.675287
7.92484 17.5344 0.591658
5.75274 17.7565 0.553142
6.09049 17.3975 0.571225
5.18448 17.1448 0.506644
5.59891 62.3655 1.26238
12.5519 17.994 0.633532
5.75645 14.9521 0.666195
5.19415 15.2915 0.667493
5.19424 17.475 0.489668
6.18482 15.6545 0.57754
5.2205 14.9828 0.95913
5.29734 18.6679 0.602994
7.52241 20.8923 0.687265
5.56852 18.3986 0.485729
5.05047 15.9016 0.437718
4.76708 12.4119 0.35946
4.92282 15.1991 0.422096
5.03649 13.8618 0.376249
4.65498 12.0769 0.343848
4.44857 9.9716 0.322893
4.50005 8.16975 0.450304
4.19281 9.08188 0.266202
4.8201 8.02714 0.238281
5.25393 7.90382 0.264309
4.54722 7.26242 0.283894
4.18533 9.66543 0.31061
6.99866 13.3347 0.645361
8.22186 15.8212 0.755606
4.10871 7.75919 0.363411
4.27536 4.67009 0.291056
3.90622 5.21489 0.294282
4.49636 8.2951 0.679408
4.11834 6.34315 0.34935
4.3264 4.42774 0.258634
4.73098 11.4315 0.430839
4.5004 10.4012 0.345492
4.70104 10.6933 0.428797
4.23298 8.06533 0.239798
4.91001 11.4206 1.03233
4.87618 12.0028 0.479029
5.83215 12.6964 0.443701
7.61272 14.5343 0.475851
4.62011 12.9262 0.460812
6.2318 11.77 0.348544
6.30764 16.5859 0.442468
4.81236 12.7727 0.405339
4.86725 13.616 0.650987
5.1502 14.074 0.47589
4.83111 12.5842 0.435083
5.01999 15.0938 0.434361
5.64915 19.2505 0.602136
7.23594 15.3663 0.475373
5.38282 11.863 0.41506
6.29235 14.8655 0.835105
6.25913 15.6707 0.568016
6.04804 13.6845 0.561142
6.5371 17.6617 0.557501
5.6671 18.6442 0.515564
6.43544 14.0214 0.457199
5.60649 15.6868 0.518377
5.8775 17.2738 0.839126
5.88714 17.3294 0.926398
5.43985 17.0658 0.482117
5.66148 12.444 0.407372
6.17017 17.0879 0.485015
5.83146 14.8786 0.588169
5.75401 13.9595 0.427707
7.49523 16.2133 0.533772
5.81162 12.3989 0.415162
7.53377 15.9198 1.04627
6.08644 18.214 0.423464
7.29332 16.2871 0.55717
5.82368 19.4057 0.600284
7.02533 20.3595 0.686467
6.09133 23.8933 0.76089
5.91712 18.9171 0.548769
6.08245 20.7664 1.24135
6.30253 18.9304 0.659595
5.8123 14.1686 0.727218
5.48607 18.0601 0.604076
6.83643 21.1137 0.599658
6.74495 14.8869 0.320013
5.95943 14.2091 0.354373
6.81782 19.8411 0.510408
7.13585 16.763 0.515753
6.96906 18.8122 0.606409
6.40091 15.9878 0.916776
6.61455 18.5794 1.04747
5.56838 18.7894 0.469587
6.4727 18.6948 0.50559
7.48741 18.3265 1.08499
5.62089 17.2089 0.560232
6.4443 15.5271 0.453805
6.0463 15.7269 0.47294
5.8022 16.3685 0.483946
6.15569 16.4755 0.782205
6.13273 15.9523 0.542001
4.7324 9.45429 0.36087
5.62606 11.8084 0.322614
4.66027 9.72145 0.346639
5.01328 10.9294 0.340076
5.04794 10.9376 0.39661
4.99007 10.7488 0.262063
4.73614 12.5737 0.550305
5.04455 10.7568 0.26751
5.36756 15.5298 0.570069
5.94251 13.4456 0.404484
5.09858 10.0929 0.659204
5.04676 10.1531 0.51986
6.27325 13.7723 0.692333
5.5735 11.4032 0.368084
5.12481 12.4918 0.350485
5.21902 13.1777 0.845188
6.33494 13.4891 0.510742
5.01392 12.5626 0.330111
5.86108 17.5133 0.585705
5.69791 20.832 0.779673
6.8938 18.5602 1.10321
5.84942 19.38 0.632309
7.79777 52.5334 0.946002
6.14011 15.5308 0.654759
6.58269 19.8065 0.500324
5.3161 15.9336 0.398224
6.02362 16.7708 0.471188
6.91001 22.2768 1.10989
5.43124 17.9794 0.799174
6.21224 14.9871 0.583849
6.35228 13.0486 0.516096
5.25437 16.878 0.844661
4.93723 19.7642 0.63085
4.98064 15.4301 0.668618
5.81551 18.9217 0.649821
5.24097 15.0578 1.15952
5.4255 15.2702 0.709679
5.28957 16.4636 0.559287
5.85441 15.3635 0.806345
5.29906 17.4725 0.531288
6.06315 17.8394 0.378006
6.26237 18.3691 0.39127
5.76856 18.0518 0.672579
5.39827 16.6657 0.447636
5.62308 13.9874 0.777018
5.82369 15.5822 0.412532
6.2759 18.261 0.715797
4.81754 16.3387 0.541629
5.10798 16.9281 0.423434
5.88705 17.0835 0.544298
5.68931 13.0998 0.387073
6.27533 20.4856 0.719977
4.76114 18.4705 0.491208
5.13779 16.743 0.822239
5.41738 19.9512 0.617749
5.23683 18.7101 0.479937
5.3857 16.1486 0.934536
4.95482 19.2383 1.11222
4.97581 14.6684 0.364717
3.8711 10.9154 0.268752
3.95996 10.6533 0.325224
4.52351 10.6081 0.255277
4.96488 11.5133 0.704224
5.38103 17.7026 0.428337
5.18082 14.7504 1.1826
4.68731 14.8389 0.825807
5.3334 19.588 0.408858
4.7173 17.9077 0.423618
5.15274 17.2194 0.925423
5.86038 16.7255 0.576222
5.15066 15.4943 0.451807
5.02404 15.8401 0.735167
6.29413 18.449 0.362156
5.16314 20.6442 0.409525
5.05419 16.9414 0.82713
5.01222 15.5003 0.956435
7.07 22.316 0.418566
5.59384 19.9967 0.738505
6.58974 23.1344 0.643329
6.2753 20.3523 0.634389
5.91465 18.8045 0.539446
7.83436 22.792 0.588204
14.0557 32.3965 0.628298
6.58345 23.1373 0.726252
6.85842 21.0974 0.784748
5.40286 24.7545 0.867178
6.17346 26.7563 0.496127
5.72798 20.2139 0.683937
5.54147 24.8545 0.628943
5.47791 23.5898 0.832038
6.65884 20.5431 0.550024
5.72451 22.2075 0.582447
5.74305 21.805 0.627012
5.75068 22.5105 0.455888
6.54554 19.6783 0.780797
4.69126 18.1747 0.386136
4.92063 20.8844 0.463618
6.9799 20.5446 0.713417
6.56637 24.1257 0.872839
6.42184 24.2181 0.582189
5.91982 19.6639 0.928191
6.8646 23.373 0.967894
5.42533 19.4974 1.15294
5.48035 20.0326 0.580254
7.59913 15.7779 0.390408
6.2488 17.0962 0.783043
5.06648 11.8512 0.252306
4.97213 63.5093 0.728536
5.40379 13.5982 0.318839
5.17856 14.1996 0.409319
4.57823 10.0227 0.227056
4.15854 10.724 0.24947
6.46621 16.2 0.471294
4.43458 10.9065 0.188407
4.12166 11.2107 0.402341
4.39344 11.9432 0.46752
4.26803 10.9085 0.209248
4.52722 9.52433 0.183182
4.59176 11.4845 0.496763
4.82445 9.08966 0.401654
6.19233 12.0131 0.374623
4.31483 8.36541 0.238635
4.48682 5.56301 0.268202
5.19559 7.75591 0.267704
4.95742 8.46071 0.326745
5.68236 9.2607 0.218652
4.38739 5.93707 0.258569
3.87342 2.84553 0.067638
4.55117 3.37849 0.163243
5.22122 4.30881 0.206071
6.21917 13.9074 0.519057
4.2469 2.91213 0.1047
4.3403 3.21328 0.17567
4.92485 5.03074 0.238084
5.24068 11.0178 0.241719
5.87448 8.31198 0.296151
5.87791 9.68645 0.32189
5.58427 7.05818 0.408158
5.51931 6.91828 0.221466
5.35156 3.96709 0.356937
4.77889 4.87159 0.625754
4.1042 1.82787 0.016965
4.63103 5.55298 0.200844
5.12811 6.06281 0.371112
5.10589 14.0395 0.684338
5.24255 8.77719 0.203081
4.32611 9.41876 0.226909
4.57879 9.71797 0.557227
4.941 10.7107 0.281802
5.56691 13.0338 0.635039
5.1308 13.9394 0.565325
4.84027 13.8618 0.426437
6.56201 16.0327 0.481553
4.53787 9.15441 0.219267
5.4559 12.0682 0.403714
4.63694 10.4369 0.248918
4.86438 10.7497 0.299351
5.2886 14.5112 0.436235
4.52364 6.96015 0.391799
5.21596 7.92589 0.193222
5.19096 12.5028 0.550146
5.95066 11.9332 0.278642
4.70721 7.55878 0.230582
5.35511 11.6243 0.240495
5.94709 10.7216 0.500346
6.28031 12.8302 0.464772
5.70568 17.296 0.412752
5.55369 17.2302 0.506046
5.90617 10.4104 0.509914
5.31939 10.9379 0.244463
5.39983 7.24593 0.205256
6.49984 11.0222 0.263916
6.18202 28.8503 5.03917
5.50478 15.5771 0.374282
6.59975 17.2789 0.710546
5.63308 9.27801 0.402397
5.23543 9.97635 0.304574
5.13412 9.71725 0.465067
6.35162 11.3312 0.503399
6.41977 17.1954 0.417244
6.26767 15.5517 0.449675
7.43464 17.9403 0.423763
6.09802 19.6033 0.682075
6.27683 17.2868 0.487985
5.47765 13.111 0.410792
6.74236 20.3421 0.726689
6.81511 18.1966 0.548525
8.41118 18.0771 0.470912
7.05638 16.8933 0.681478
7.21021 17.569 0.488222
6.11787 14.877 0.299822
6.00902 15.2838 0.540139
5.8133 16.308 0.702629
7.13254 18.7837 0.451712
8.4538 15.724 0.833511
6.02761 13.9216 0.360201
5.99457 18.556 0.471123
5.98977 22.5769 0.405944
6.46187 41.1291 0.693163
7.07923 19.9767 0.753833
5.6947 16.4028 0.507175
6.63859 18.8182 0.708838
5.24722 16.5947 0.510545
5.32668 13.2451 0.317953
5.09248 18.0175 0.533237
5.76465 16.0748 0.708722
6.15761 14.0044 0.546912
6.00598 17.6593 0.681302
5.6035 16.5871 0.647931
6.34782 18.304 0.360846
6.1037 17.1597 0.432205
5.716 15.8372 0.714313
5.18788 15.0384 0.400479
5.98983 17.7403 0.398985
6.41813 14.4472 0.322388
6.5595 16.0894 0.458902
5.46621 11.3209 0.203838
5.94094 18.5129 0.454306
7.33181 15.6503 0.814127
6.1494 16.5764 0.389867
5.99786 15.3979 0.243885
5.88277 15.8275 0.693685
6.76414 15.5598 0.570833
4.71546 3.59152 0.18661
4.53944 2.37826 0.11757
4.77808 0.970808 0.088896
4.5092 0.879428 0.09712
5.51318 15.421 0.524692
6.86467 13.6455 0.318204
5.3024 11.8254 0.525497
6.39011 14.3381 0.734283
5.18048 14.974 0.353175
5.01415 15.0046 0.381141
6.3577 16.7548 0.800599
5.57122 12.2614 0.466417
5.35263 11.3379 0.242021
5.02792 15.4589 0.647359
5.5679 17.6233 0.637299
4.89147 17.1199 0.414211
5.69177 20.574 0.492989
4.93661 20.5294 1.08192
5.20391 20.9329 0.364608
4.98683 17.9172 1.14051
6.3656 22.6785 0.633828
5.11738 21.5053 0.488559
6.4941 18.9657 0.366784
5.49085 20.497 0.715387
5.66903 21.0997 0.431455
5.23642 18.5097 1.06529
6.40313 20.1543 0.637272
6.01682 23.4163 0.617483
6.04549 22.1689 0.64572
6.19964 21.316 0.74218
5.22952 23.5538 0.624176
6.29325 17.6971 1.00824
5.82058 17.2702 0.433398
5.69865 18.477 0.932352
5.62258 16.0185 0.436216
5.51826 13.1286 0.489769
5.90349 18.3766 0.444323
5.91461 11.9699 0.830226
5.60531 13.879 0.330604
6.51807 23.761 0.631008
7.9906 23.5129 0.732791
6.42924 24.7092 0.521788
7.49146 27.0225 0.783436
6.63546 22.5631 0.660607
7.01629 22.0786 0.490003
6.67446 16.1705 0.327331
6.86031 19.3533 1.39009
6.97443 21.781 0.587031
7.28883 16.5348 0.678648
7.55232 26.4133 0.760865
7.59625 22.6732 0.576921
7.49658 17.3615 0.817251
8.78584 22.2058 0.531156
8.81729 25.7207 0.530947
9.43073 23.0283 0.903234
9.11415 23.9144 0.712451
7.48476 20.2009 0.474152
8.41337 20.353 0.777642
8.43693 19.8936 0.632469
8.45211 29.2024 1.39077
9.96427 23.1846 0.558373
7.51105 20.1946 0.595464
7.78833 22.9772 0.644488
8.60829 22.3471 0.448358
8.67846 23.102 0.650738
11.7831 30.4109 0.925833
8.2378 27.4096 0.602013
8.7512 26.7798 0.921504
7.11326 19.3559 1.11691
9.34388 27.2232 0.892265
7.84408 27.5921 1.09989
7.74826 21.3476 0.431579
7.36687 24.4149 0.779476
8.17556 21.837 0.606308
8.17349 22.1619 0.586908
7.07216 23.1739 0.737229
8.28909 25.8313 0.651877
7.16397 23.5532 0.483115
7.90208 21.5411 0.720952
8.5264 22.9543 0.589401
7.59816 24.0276 0.499177
7.44807 23.9744 0.635335
7.6638 19.9711 0.485794
7.95887 23.8581 0.462629
7.11633 26.0854 1.11072
7.59423 24.9277 0.656473
7.24172 18.8504 0.659792
8.25828 21.0864 0.492589
7.6164 24.7561 0.469276
7.09672 22.067 0.543961
8.32238 21.7334 0.53693
9.14688 26.9889 0.536489
9.15425 24.8494 0.579688
7.92145 24.1691 0.768641
7.97359 24.8339 0.677018
9.23365 23.0095 0.555044
7.93244 20.6193 0.498091
7.27089 24.2408 0.537924
7.46526 23.3305 0.433611
8.52619 26.9573 0.743281
7.28359 24.426 0.835787
7.98347 23.7444 0.522452
7.69594 27.0904 0.744854
8.15657 22.2238 0.582956
8.27239 19.5929 0.505459
7.43499 21.6373 0.613522
8.00703 21.7012 0.902246
10.4845 25.8784 0.908748
7.83157 24.6833 0.821509
7.76616 23.5734 0.518741
8.27163 21.018 0.737694
7.19365 20.3492 0.500373
8.87116 21.6173 0.512566
7.31388 18.7892 0.477401
7.59748 19.3333 0.399834
6.92695 26.7229 0.780867
7.0018 23.1615 0.68131
7.13704 24.1701 0.694004
7.28209 22.5935 0.60853
9.53117 22.0871 0.91546
6.16547 27.076 0.886538
8.03039 18.9393 1.19409
6.53003 16.328 0.375876
8.01644 21.9349 0.781524
6.7131 20.9103 0.660571
7.16028 21.2393 0.381254
6.49215 17.1471 0.555609
5.96608 18.6629 0.746484
6.37389 24.449 0.630069
7.77696 23.8217 0.464408
7.9215 23.5202 1.085
7.76794 20.6911 0.369103
6.72162 16.2777 0.864771
7.21869 24.5221 0.470318
6.53816 23.1702 0.845422
6.61362 20.922 0.514826
6.45219 23.8805 0.818223
8.27139 24.46 0.656403
7.57472 22.3896 0.504307
8.71217 55.2952 0.960784
7.08781 21.5406 0.526444
8.36492 19.9544 0.527978
8.66882 28.0738 0.548735
7.99209 19.1812 0.421846
7.43819 26.4271 1.14041
7.63968 23.4433 0.808944
8.74535 23.9482 0.579861
7.63976 27.5001 0.954031
7.93071 23.2275 0.577877
8.9684 26.7252 0.555232
9.54354 31.5863 0.904819
9.71592 29.9701 0.666889
9.71557 40.331 1.17368
8.8403 29.4728 0.986274
7.89259 30.923 1.00782
8.2887 32.5489 0.936785
10.6059 29.2146 0.686152
8.3046 20.5898 0.580129
7.63632 21.8647 0.572471
7.76568 18.4563 0.379918
8.59952 25.5875 0.940865
7.01964 20.1166 0.639093
8.35646 20.6394 0.405939
7.50115 24.6499 0.675141
9.23142 22.462 0.476914
7.68873 23.6696 0.474726
8.20623 26.3097 0.50547
7.50835 22.5818 0.485608
7.53106 23.4092 0.456743
7.484 27.4382 0.578027
8.65991 24.1096 0.377672
9.20451 22.3659 0.430287
8.52521 27.0483 0.489493
9.04519 28.3132 0.454535
9.845 33.0787 0.710121
9.47496 25.5044 0.773658
5.34604 27.1535 0.763289
6.96787 18.7678 0.35382
6.55585 20.729 0.560489
7.39528 16.5689 0.591201
6.14851 14.7183 0.268224
6.83126 15.0497 0.401828
6.31886 14.1409 0.271697
5.71285 13.8287 0.740281
5.53714 20.0812 0.35902
6.17979 23.7326 0.541598
6.66097 19.1669 0.509941
5.03497 7.71385 0.212146
4.85999 10.1758 0.225483
3.84735 6.57792 0.239715
2.98544 0.058648 0.000171
3.12867 0.060155 4.5e-05
4.20051 14.0168 0.23781
3.85213 11.7187 0.120815
4.45212 13.39 0.230896
4.03226 13.2709 0.21545
3.94153 13.0212 0.284912
4.55626 17.6378 0.348955
4.32321 15.4758 0.417468
4.90368 12.6032 0.370918
5.75135 20.7313 0.886891
5.46969 6.61862 0.44488
4.77168 5.48131 0.48325
5.05182 12.0582 0.35336
4.84317 14.686 0.541847
4.97768 18.3877 0.91848
4.87131 12.0459 0.43167
4.77599 19.0929 0.692713
6.09618 17.1018 0.457922
5.89044 17.3319 0.572582
7.191 16.6608 0.435091
4.4695 10.7416 0.335605
4.76301 10.2491 0.518319
4.76848 14.3223 0.95894
6.57236 17.0296 0.426829
4.52705 11.9 0.240082
4.97305 12.0557 0.265098
6.78335 10.9324 0.667962
6.63711 15.5969 0.366576
5.31271 17.5046 0.398746
5.74663 17.7928 0.432113
6.29966 20.106 0.806085
8.1745 28.1548 0.701903
8.80732 24.8258 0.501705
7.32213 28.5931 0.767291
6.96599 27.8792 0.927602
8.23289 24.4014 0.539709
6.32675 19.486 0.371592
6.62595 24.3907 0.454225
6.26538 18.4438 0.672479
6.89132 16.9674 0.414024
5.6574 19.8621 0.723928
6.12887 23.9513 0.566442
6.48219 23.2931 0.517582
5.62269 19.1686 0.757701
6.24909 25.3248 0.477586
5.77514 23.501 0.59495
6.47111 31.7572 0.696925
7.40166 31.0909 0.529237
7.13699 31.6977 0.668562
7.87574 30.8511 0.751858
6.51126 25.6807 0.507416
6.0194 25.6017 0.803829
7.43664 26.8704 1.08207
6.76225 24.7773 0.490976
7.43312 28.1511 0.546635
7.478 28.6183 0.774875
8.22402 29.6213 0.525101
7.92807 34.7498 0.796329
7.1274 28.0388 0.673981
8.42993 30.5106 1.01836
6.80862 25.3892 0.546434
7.03136 21.7932 0.436196
6.34917 27.0095 0.564672
7.65725 29.6285 0.532576
7.9522 30.4383 0.552224
7.23653 28.9272 0.584937
6.57029 24.3704 0.535122
7.30177 33.4225 0.956232
6.98499 24.6781 0.540924
7.74724 22.8515 0.734532
6.76883 32.1911 0.707512
6.60521 23.9431 0.639557
7.43359 27.5607 0.591855
7.26757 34.3719 0.67278
7.40581 25.6545 0.640215
8.01038 27.2076 0.425114
6.9383 27.4805 0.507303
7.12199 23.699 0.382054
6.46043 29.1155 0.579812
5.73718 27.2182 0.607752
6.63549 27.6416 0.518834
6.63359 28.7428 0.612444
6.32822 28.6517 0.827424
6.4448 29.2938 0.509529
5.83843 21.2339 0.449637
7.44577 25.4917 0.56406
6.32261 23.2347 0.523567
5.63682 27.0237 0.579249
6.70366 23.9011 0.40063
6.59115 27.0071 0.588075
6.16782 22.5586 0.593189
6.32769 24.3868 0.469274
5.45972 19.683 0.553718
6.60367 23.0432 0.603215
6.3941 26.9254 0.6916
5.47192 23.0313 0.418268
6.96796 24.1447 0.506969
5.66556 17.9339 0.628579
5.52839 25.5045 1.31286
6.31405 19.6307 0.409732
6.23556 25.8459 0.42011
6.84204 22.5138 0.966295
5.44637 22.9857 0.424742
5.45762 23.2331 0.375631
6.25144 25.8224 0.511194
5.88998 27.6165 0.61843
5.81059 30.258 0.811022
7.48353 26.5148 0.816928
6.49954 23.4651 0.412028
7.37448 30.0608 0.584259
8.60088 34.4478 0.60212
6.98431 35.1022 0.641222
7.21243 36.2732 0.678418
8.10409 36.89 0.788787
8.67222 31.3392 0.789372
8.41773 29.7682 0.586794
7.46224 36.8951 0.840141
8.96875 27.6325 0.612539
7.66117 31.9023 0.536496
7.7732 31.0439 0.599363
6.94954 27.6936 0.625933
7.45577 28.6697 0.622063
7.47748 36.7984 0.604765
6.82945 36.1198 0.774825
6.95534 29.9613 0.585415
6.50968 29.3204 0.680453
7.1596 30.1907 0.460546
6.25213 30.6251 0.696043
6.43859 29.1365 0.588355
6.35496 30.1145 0.607008
5.13083 35.516 0.826077
5.02061 26.4177 0.376928
6.27854 30.0404 0.54476
5.69738 27.1421 1.04209
6.54284 23.7176 0.398016
5.25607 21.1445 0.714038
5.4368 27.1617 0.683976
7.45472 29.202 0.731193
5.49608 29.0981 0.411693
5.46021 28.4503 0.455029
6.1284 30.9832 0.460191
6.7325 27.8938 0.467769
5.47685 22.9286 0.344764
6.70396 21.0298 0.474645
6.7699 23.3216 0.461616
7.20729 25.8984 0.685718
6.10287 24.0597 0.920484
5.96337 14.6944 0.349191
5.46364 16.2767 0.33349
7.19431 18.0558 0.333263
6.82504 33.8211 0.541606
7.2546 31.4546 0.63707
6.7571 18.7508 0.835792
5.58578 22.8819 0.463494
6.6909 20.6803 0.544503
6.45939 22.851 0.576713
7.03592 24.5919 0.475324
5.7438 22.8957 0.556134
5.18575 15.8252 0.4227
6.58481 20.1647 0.833976
5.42469 19.3525 0.391579
6.28405 16.1579 0.343626
5.43632 19.6484 0.484276
6.16275 17.2246 0.532941
5.77297 17.7031 0.584284
5.47207 41.7466 0.526861
5.4292 15.0331 0.511805
5.00985 15.2308 0.276676
4.96719 16.0002 0.312263
5.64657 19.7554 0.481026
5.46968 12.7083 0.337191
5.74363 23.1965 0.548923
6.39528 15.0634 0.317817
6.20107 19.7362 0.506438
5.47812 20.6783 0.443377
6.10748 15.8703 0.533099
5.32284 22.9632 1.03402
5.62566 21.944 0.354233
6.85223 16.3581 0.339216
5.42077 16.4758 0.288354
5.43995 17.0036 0.389328
5.13281 17.8381 0.39643
5.39014 17.6009 0.553615
4.38267 10.5703 0.208414
5.39993 9.67277 0.246834
4.57611 5.0245 0.099094
4.28326 6.48796 0.180122
3.89821 4.54925 0.10122
4.99093 4.90496 0.321439
4.71369 9.23203 0.192708
5.17375 9.96681 0.222606
4.65227 0.469984 0.014131
4.71953 1.97545 0.09084
4.51557 2.46841 0.072934
4.71947 0.233993 0.006976
3.98815 0.253661 0.007326
4.28261 0.183894 0.00273
4.90048 1.97004 0.075399
4.84348 8.97212 0.192761
4.66285 7.98671 0.246318
4.25968 0.507489 0.024733
4.51147 2.05443 0.049027
4.54882 0.580764 0.034958
4.33566 1.3437 0.035707
4.60656 4.1676 0.253941
5.31934 7.05614 0.19009
5.42324 14.516 0.39491
5.09031 15.826 0.330106
4.93221 18.6723 0.473445
4.32721 13.8479 0.433216
3.59369 5.09366 0.150665
3.2489 5.55459 0.132804
3.84068 1.50442 0.077033
4.44142 9.73047 0.325174
3.50078 2.95588 0.126831
3.94294 9.2291 0.173625
3.10301 7.28256 0.178971
3.16929 6.01379 0.344991
3.60778 12.8568 0.276967
3.47585 7.80006 0.348829
3.62505 15.3862 0.493142
4.50171 21.2542 0.481147
4.50354 21.8583 0.6576
3.7595 10.5228 0.203614
4.17927 14.9629 0.298605
4.75545 13.1931 0.239635
4.09471 13.639 0.224098
4.27965 23.977 0.624278
4.23995 13.81 0.220511
8.81561 20.2729 0.512118
8.38039 52.1054 0.635539
7.48706 19.2666 0.428041
5.72317 15.5525 0.432726
5.16407 20.1819 1.20422
5.06168 19.0485 0.495942
5.43475 25.6091 0.457761
5.87232 17.4462 0.295898
4.82405 19.0077 0.351093
5.62456 19.2574 0.971912
6.12311 22.9671 0.486625
5.82833 13.2405 0.222464
6.04533 17.0785 0.318035
6.62556 14.2491 0.792525
6.3157 15.6281 0.443795
5.72514 14.056 0.315132
6.53538 14.3555 0.342492
6.09923 17.5317 0.322965
6.37174 17.0632 0.462851
7.03904 20.6319 0.333058
6.25049 19.334 0.42215
9.11494 33.6838 0.720779
8.36033 23.7886 0.559626
6.57269 25.9504 0.63746
7.67991 23.065 0.524434
6.87741 17.4133 0.325666
6.67731 23.1203 0.719915
7.62727 20.3489 0.393731
6.87902 19.0533 0.484299
6.98326 20.6594 0.38294
6.54003 20.3214 0.571451
7.12527 21.1443 0.387636
6.9447 17.6245 0.367066
6.90433 12.8555 0.239677
6.43922 13.5416 0.587963
7.37942 16.0875 0.299346
6.88244 20.2404 0.597922
7.70312 14.8521 0.886974
6.80483 17.2782 0.589691
7.11565 17.5739 0.314278
8.07708 18.4449 0.712765
7.31599 25.4049 0.572332
9.47504 22.1469 0.423202
8.31832 28.7931 0.818992
8.3714 29.6818 0.859741
10.3591 36.222 0.965563
8.67686 32.2246 0.720457
8.59977 27.2937 0.685902
10.0072 33.1475 0.844268
8.60127 34.2775 0.929953
9.13861 27.9691 0.72394
9.76001 26.6198 0.68993
10.0891 31.1133 1.43693
9.48226 28.0767 0.825217
9.09445 26.9478 0.511339
8.81683 33.4634 0.784435
10.3234 23.9167 1.09137
8.23514 29.6169 0.795536
9.50886 34.3457 0.893952
10.4157 29.2027 0.824883
10.2775 35.3906 0.876506
10.669 30.3402 0.886962
10.7493 35.8149 0.800439
11.0073 32.748 0.710506
8.81442 29.9158 1.00912
9.81875 35.1143 0.987798
9.62507 26.9479 0.575925
9.34087 32.4431 0.92849
10.3072 29.9849 1.10047
9.81405 34.0486 0.835905
9.74327 34.3623 0.891457
11.4806 25.6542 0.545847
9.67666 32.8074 1.19504
10.8525 27.8846 0.927804
10.6253 28.4124 0.602079
9.66991 27.7422 0.681676
9.74626 21.5976 0.538847
8.86143 22.2391 0.766794
9.27756 26.8789 0.536315
7.95771 20.3168 0.811291
8.24758 19.5236 0.722141
9.34336 29.7884 0.679657
8.14958 27.3495 0.809267
7.68342 20.2143 0.521513
7.48986 15.9507 0.896828
7.84545 20.2818 0.61844
9.32955 21.8046 0.620414
7.84484 20.1486 0.926046
7.02766 10.8894 0.302268
7.87874 15.8224 0.842779
6.81613 14.3971 0.485273
7.05677 18.3591 0.654856
6.11247 14.0091 0.50571
8.09749 18.604 0.788595
6.71626 16.7857 1.23924
7.55982 18.5716 0.387078
6.2006 14.0707 0.489262
5.90467 16.6443 0.455935
7.04631 15.688 0.565319
6.57011 17.4719 0.440477
6.65373 17.015 0.613669
5.68517 19.1011 0.542176
7.0172 16.7153 0.662067
6.02645 17.1391 0.48814
6.46636 16.7118 0.433971
6.3905 11.6925 0.596799
6.2564 17.068 0.432506
4.99664 17.2959 0.361209
6.12699 11.5746 0.313367
5.97795 14.2395 0.462504
6.00277 28.0521 0.667996
6.60962 14.6143 0.394873
6.25449 11.9534 0.463178
4.97632 12.4128 0.269762
5.86335 24.4174 0.793828
5.47503 18.6741 0.366505
5.85706 21.4191 0.513322
5.61145 20.2598 0.455589
5.67201 18.4195 1.06364
5.86323 24.5451 0.713797
5.93019 24.2403 0.697246
5.34153 15.8284 0.404066
6.75739 25.7541 0.658929
6.31037 22.309 0.713082
5.9746 19.9723 0.400014
7.61111 28.7601 0.643757
5.46099 20.6942 0.712955
6.9051 20.4468 0.378593
7.40245 15.9402 0.713953
7.23021 22.6566 0.565125
6.66958 23.6945 0.398341
7.65966 25.3649 0.45683
8.18528 27.0652 0.498569
7.11162 25.7427 1.34073
8.86871 24.7759 24.7677
7.85545 29.9029 0.547846
8.03828 32.5436 0.589589
8.67085 25.1716 0.488237
7.90305 20.9364 0.66669
8.92729 28.7722 1.00378
8.00334 32.3786 0.772093
9.12619 26.3657 0.568465
7.91447 36.812 0.854606
8.91997 38.8375 0.752563
7.99819 33.3312 0.50109
8.51246 33.5652 1.07755
7.75655 26.5494 0.603218
8.33073 35.9262 0.51594
6.70715 31.6485 0.736182
6.24078 19.8916 0.547941
6.91578 37.5135 0.646036
6.21309 21.1619 0.576537
6.46012 35.7032 0.650718
6.38675 24.6464 0.592589
8.08644 35.2346 0.553091
6.87027 28.9298 0.642676
6.61324 34.2285 0.797915
7.78575 26.7587 0.53627
8.44035 34.3474 0.582105
6.41303 26.0636 0.474969
7.67211 35.3133 0.718026
7.94731 33.9883 0.637617
6.93119 31.7191 0.873105
6.17807 23.9875 0.491583
6.23204 18.2981 0.717474
6.88192 21.0425 0.438513
6.52119 55.2753 0.7505
5.22786 11.7656 0.250376
6.86161 24.3334 0.529981
6.48546 21.6687 0.487428
5.78274 19.825 0.790686
6.40627 22.3308 0.364955
6.14056 22.4727 0.377839
5.99954 14.8258 0.270534
4.52724 21.8903 0.414591
5.37207 20.2448 1.067
4.92045 17.5346 0.292625
4.70539 18.4466 0.325398
5.11098 18.6886 0.737575
5.66305 29.4431 0.528986
5.96572 36.6897 0.599164
5.5035 32.5157 0.730367
6.90417 37.9557 0.597987
6.94092 38.6459 0.60817
6.85314 35.8947 0.546406
6.27278 41.3421 0.666926
5.94567 33.4406 0.599938
5.17422 26.0092 0.524057
5.86904 39.212 0.444449
5.78503 36.4877 0.859049
5.76157 36.0358 0.791337
5.27176 22.1599 0.31734
5.01039 25.2001 0.472451
7.45886 26.9903 0.426851
6.42799 31.2455 0.508456
6.71016 25.264 0.526326
6.92798 34.6019 0.444708
6.22361 33.1011 1.01291
7.76875 26.8482 0.440216
8.64784 27.3052 0.415887
5.88438 37.903 0.649181
7.80552 36.8311 0.425775
6.88958 34.1313 0.617004
6.19399 34.4996 0.524534
6.64584 30.6063 0.625495
5.58955 37.188 0.498291
6.75213 31.584 0.484807
5.59719 33.0609 0.713623
6.87475 22.686 0.373112
6.04579 28.7456 0.464734
6.38437 28.1441 0.439029
8.59212 38.9626 0.631099
7.22667 50.7333 0.834114
7.60242 41.211 1.00587
7.99711 40.3255 0.624227
6.8828 37.2798 0.732556
6.80821 25.5829 0.441813
6.43377 31.152 0.799288
6.74474 20.0406 0.362703
7.02292 23.3908 0.38796
7.16693 27.611 0.911199
7.36493 30.2954 0.410838
6.2968 32.2362 0.653251
5.58793 29.4937 0.872707
6.96991 20.1271 0.389852
7.79494 29.8811 0.527632
7.96949 22.6968 0.575964
6.55754 25.9207 0.443256
6.17039 17.798 0.375266
5.11465 9.29791 0.178988
4.80543 9.36182 0.150488
5.70488 13.7821 0.704329
6.49746 17.4861 0.278081
6.56539 17.7674 0.296843
5.31225 11.9306 0.236182
6.62893 19.5623 0.348488
5.81427 6.97076 0.167796
6.80238 20.7211 0.427844
3.97916 0.77485 0.008009
6.04633 3.87564 0.11123
5.32169 6.08371 0.421421
5.23952 5.15971 0.145165
4.96609 3.36644 0.204078
4.37622 4.05119 0.084392
4.88857 1.38096 0.011026
5.48535 12.5056 0.453898
7.31406 18.605 0.185083
6.42251 15.9936 0.28386
5.57465 11.3869 0.322059
5.40042 9.4929 0.362312
4.82311 7.03275 0.420715
5.66255 8.57049 0.164454
5.11838 4.31 0.19438
5.8826 11.0365 0.193504
5.57201 14.6947 0.310679
6.03312 14.674 0.248294
6.57999 18.4985 0.477189
5.44394 14.4629 0.323457
7.56323 27.5723 0.415073
6.2106 16.6326 0.255331
7.30125 27.2879 0.552117
6.01755 21.054 0.349658
6.21524 19.5096 0.452251
5.80373 17.608 0.24429
6.1774 21.1986 0.416588
5.3902 17.3756 0.303249
5.71226 20.4311 0.308885
7.84352 15.9446 0.617052
4.82157 4.04216 0.120935
6.16197 14.0785 0.19196
5.51035 12.4359 0.267376
5.852 13.7428 0.45027
6.69637 18.3302 0.338141
6.1665 19.813 0.458785
6.33665 11.5915 0.281736
6.38792 28.9991 0.662741
8.2656 14.6291 0.327052
5.508 14.4553 0.53401
7.9602 22.9669 0.364578
10.3988 41.7441 0.69944
7.39329 21.8422 0.559862
8.06487 21.5335 0.451191
7.04265 16.7116 0.262515
7.90365 23.0205 0.36713
7.63822 28.0669 0.645306
7.86987 32.0329 0.612462
9.69964 35.6098 0.642614
8.08566 32.0841 1.20617
9.69346 58.753 1.00771
8.62594 36.0393 1.22464
9.30468 30.3359 0.703374
9.74181 36.1843 0.718134
9.31926 25.7104 0.688914
7.41554 18.0851 0.539764
8.90361 23.7467 0.581255
7.8029 20.0925 0.49106
7.74617 16.2578 0.544755
8.77545 33.2968 0.701761
8.87786 39.1851 0.662162
8.1706 35.477 0.833864
8.02414 33.3882 0.682401
8.82593 41.2475 0.804839
8.34836 30.4871 1.1004
7.66193 29.2091 0.636187
6.77068 18.9167 0.968729
5.89226 23.4825 1.05296
6.02502 21.5429 0.935962
6.61151 16.0236 0.58035
6.05537 31.049 0.638278
6.71602 21.6722 0.628116
6.75104 28.3032 0.786035
7.46884 31.3302 0.686104
5.86454 22.4305 0.816234
5.87073 28.7171 0.588192
6.79172 30.0948 0.462783
6.6643 21.9107 0.933834
7.15662 24.3065 0.558996
7.20211 24.6792 0.396843
7.75204 29.0488 0.469486
6.42599 17.7004 0.300643
7.22498 23.2173 0.445844
6.367 21.2842 0.356043
7.2901 33.1633 0.502199
6.59911 31.2267 0.577323
5.41396 6.89168 0.331673
5.59635 1.68925 0.115914
5.32718 1.91822 0.06885
6.95893 24.9729 0.569877
6.73009 27.1971 0.463305
7.36359 30.4543 0.444786
6.39436 22.8975 0.555941
6.12423 24.9966 0.63126
5.48293 29.0295 0.527906
6.34161 28.4275 0.424814
5.4624 23.8338 0.441186
6.82258 85.7948 0.750585
6.20431 22.7403 0.499489
5.52358 25.6115 0.570465
6.70702 31.9709 0.537354
5.74127 32.821 0.552509
6.27894 34.433 0.473818
5.80849 32.9382 0.538215
6.0705 32.4628 0.969544
6.48364 28.6472 0.550406
6.93252 28.557 0.630709
6.54216 32.7835 0.7746
5.99173 27.5121 0.399207
6.55949 34.1321 0.617423
6.60627 34.6025 0.744398
6.9219 28.9529 0.419337
6.91992 26.2783 0.421354
7.17891 25.6743 0.488596
7.04479 26.6416 0.495128
6.42139 26.3389 0.93709
7.31971 31.7909 0.525771
7.29953 31.8737 0.493836
7.75402 31.7359 0.676454
6.96526 29.2206 0.521836
8.12188 29.6359 0.453043
8.07433 28.2849 0.446813
8.4119 33.6027 0.556059
7.33041 31.9173 0.562084
7.79613 31.2423 0.544077
7.91448 31.1052 0.453309
7.49553 33.3385 1.12644
7.92124 41.4671 0.741659
6.93456 39.154 0.805691
7.35664 33.4201 0.518171
7.63281 34.5257 0.831044
7.56352 44.0344 0.778453
7.60699 27.4516 0.541603
8.07447 44.1186 0.759166
7.97097 44.8416 0.823627
8.1847 39.9548 0.575736
8.66338 45.9623 0.780237
8.35336 46.4748 0.827731
10.815 41.4806 0.78593
10.8021 47.2923 0.927082
8.58955 42.7448 0.72513
9.26496 36.903 0.573609
8.53045 43.5355 0.847163
8.85626 41.9739 0.669998
10.6229 41.1481 0.711305
10.5184 38.2475 0.71743
10.77 34.597 0.680081
11.2814 34.6696 0.741398
9.63945 43.429 0.923006
11.0177 42.3955 0.885416
9.79692 43.2869 0.89549
11.0305 38.277 0.695468
9.53859 42.39 0.910466
11.621 41.9664 0.828599
11.6165 36.2401 0.910422
14.2761 65.8972 1.06949
11.6128 45.9062 0.771478
10.4433 33.7559 1.25766
12.6075 43.0778 0.860684
11.9458 39.8926 0.682618
10.7402 41.2502 0.827168
10.6272 36.7574 0.74134
11.6989 36.6145 0.586384
9.8821 36.1357 0.835838
10.9112 36.8311 0.534858
11.0401 32.4797 0.601889
10.7786 32.3123 0.63449
12.8453 35.0686 0.639775
8.81175 22.6359 0.502215
9.56679 28.2885 0.625575
10.1298 34.6428 0.612872
10.9791 40.4367 0.672581
10.5411 40.9146 0.774084
10.1987 29.3165 0.58501
9.7143 33.9811 0.789899
9.68361 21.853 0.532938
8.94964 19.5562 0.469276
10.7662 26.1575 0.514342
9.14507 22.9603 0.436574
9.52283 32.7247 0.769447
10.8366 30.6878 0.581615
9.0098 29.9136 0.82438
7.55797 21.41 0.68416
9.37265 34.3112 0.612825
8.18909 21.9005 0.325788
7.37116 20.1596 0.337321
6.31829 14.931 0.29987
7.6038 21.3798 0.717579
6.50426 13.9062 0.24616
6.39051 15.1243 0.260868
5.55476 11.3191 0.197144
4.99195 12.05 0.174868
6.79641 11.8806 0.213418
4.82256 6.46635 0.163284
5.20661 14.1126 0.222128
4.65093 11.1982 0.221487
4.23162 4.59113 0.160467
4.02214 8.51075 0.214375
4.49524 7.12228 0.207716
3.82444 4.43971 0.183543
5.32706 7.35739 0.25289
4.47878 6.52919 0.213683
4.18925 8.03716 0.354509
3.77709 1.89357 0.056965
4.16376 1.22831 0.045769
3.73923 2.23646 0.105038
3.4699 0.856371 0.05374
3.12196 1.08268 0.025141
3.92498 0.102532 0.005144
4.09788 0.088848 0.004525
4.19455 0.165886 0.006599
4.05441 0.206892 0.006971
3.44987 0.184854 0.008804
4.14956 0.062773 0.000298
4.44803 0.140151 0.000197
4.45853 0.059736 0.000292
5.1078 1.08273 0.032741
4.96604 15.5116 0.183649
5.91918 5.62666 0.165144
6.0497 5.06636 0.353023
5.53702 3.15003 0.106303
4.72994 5.63136 0.094579
5.11329 1.1201 0.019265
4.71086 0.055725 0.000188
4.72543 0.194726 0.021508
4.12761 0.196336 0.000974
4.38611 0.17495 0.001091
4.6314 0.28062 0.000892
4.39245 0.227449 0.021999
5.09014 0.269678 0.000306
5.13932 0.202189 0.000193
6.07716 14.6759 0.240582
5.1188 0.203852 0.000257
3.51583 0.227691 0.000418
2.35047 0.064688 0.000261
4.4997 9.82672 0.142313
4.46624 6.25536 0.192486
3.33189 0.678451 0.010014
3.53058 0.470433 0.004466
2.26313 0.068364 0.000254
3.19336 18.1097 0.20697
3.4837 0.673632 0.003283
3.51631 0.063775 0.000343
4.30463 0.16709 0.000277
4.3818 0.367222 0.001499
4.99577 1.89693 0.00828
5.58606 7.77848 0.093704
5.37135 5.49449 0.142851
4.6763 6.33386 0.073364
4.71349 6.58834 0.174097
4.66928 3.80866 0.099701
4.31639 1.63352 0.00974
4.46845 0.461835 0.008985
3.09254 0.418574 0.004292
4.258 0.146247 0.000224
4.48401 0.05493 0.000192
4.92124 1.12738 0.037841
5.10998 2.85774 0.009429
5.12367 6.1875 0.083452
4.12656 3.29927 0.076666
4.26506 0.067637 0.000166
3.34825 0.05931 0.00022
3.86832 4.90817 0.188504
4.04853 3.70724 0.054838
4.02024 2.46954 0.028997
4.14352 5.86485 0.104225
4.02581 10.8613 0.281759
4.36311 5.15757 0.14823
4.19553 4.00063 0.086298
4.35205 8.4639 0.141402
4.56647 8.97501 0.182989
4.33544 20.1142 0.435961
4.89915 17.0155 0.20642
5.02651 22.7813 0.367889
6.2025 22.0737 0.37967
5.74305 26.0176 0.387067
7.11222 24.125 0.317918
6.97858 26.5243 0.436059
7.92022 33.6213 1.12955
6.90288 21.9402 0.300076
7.50602 20.3469 0.287031
7.68414 22.0687 0.30517
8.07711 25.5266 0.423224
8.14932 35.541 0.703548
6.46294 21.7147 0.412124
7.73674 29.8903 0.683696
7.76356 30.2534 0.508322
7.90094 35.58 0.501411
7.50776 32.1563 0.457883
6.69674 37.8757 0.677326
6.92586 30.6661 0.427596
6.35964 33.3016 0.510361
6.92107 34.5142 0.525713
6.24616 35.2972 0.70376
5.41799 37.6077 0.786469
5.52375 33.9884 0.645072
6.4184 36.7429 0.641218
5.37966 31.5486 0.563808
6.11551 29.9315 0.449613
7.09657 26.333 0.805431
7.20438 43.7277 0.630849
6.74887 31.0027 0.431805
6.66594 37.0024 0.512848
8.12169 42.7319 0.674123
6.34686 30.4714 0.589986
7.25785 38.5331 0.56485
6.47932 32.832 0.601186
7.86739 40.5161 0.658911
6.50998 37.4332 0.816301
7.84121 41.043 0.654802
7.59338 42.5209 0.618602
8.48251 41.1186 0.611088
7.69605 42.4121 0.635189
6.73469 46.5536 0.708759
6.77526 47.0467 0.673068
6.89048 76.0283 1.06527
7.3519 37.7451 0.601027
7.47939 44.2091 0.710542
5.68952 30.4086 0.495806
6.01619 36.5654 0.680454
6.4907 40.0727 0.506925
7.04727 35.5621 0.69555
6.4415 26.2419 0.365411
6.03902 34.309 0.547558
5.51173 33.1114 0.447701
6.43698 40.6904 0.57137
6.14747 41.7814 0.597662
6.26804 44.1943 0.651554
7.21809 38.275 0.705964
7.22271 35.3645 0.618148
6.90204 42.1186 0.522807
6.83031 42.1421 0.657185
6.45201 36.3713 0.7279
5.95569 42.3705 0.701301
7.24644 40.229 0.773165
7.0595 35.8484 0.542622
8.02934 36.3658 0.890715
7.02698 39.6089 0.503904
6.18451 38.0152 0.625858
6.1319 40.3245 0.778484
5.87894 30.8488 0.368044
6.37486 32.0871 0.416286
4.96684 31.4237 0.377796
5.7054 36.101 0.590063
6.48406 34.7185 0.599897
5.90659 38.3013 0.580212
6.53636 33.8301 1.25145
5.53538 44.2121 0.552379
5.6218 36.1401 0.608235
5.06098 38.8896 0.768936
5.95515 42.83 0.76151
5.10998 39.2962 0.464792
5.35947 41.9908 0.703224
6.97684 45.1982 0.479661
5.56723 34.6177 0.434652
5.51147 40.4522 0.632847
5.58708 36.528 0.555253
7.18497 36.433 0.601485
5.66396 39.7204 0.487978
7.0428 45.6057 0.514932
6.17594 43.8612 0.969344
5.85393 35.435 0.820406
6.8295 43.5507 0.705827
6.78227 38.5555 0.580936
7.36214 41.3186 0.494808
6.33007 39.9695 0.470825
7.88417 48.2176 0.781216
8.56078 43.1389 0.681439
9.36087 44.7423 0.758945
7.70965 45.7979 0.7745
8.50981 42.7813 0.605039
8.79087 51.3825 0.634074
7.26283 54.0799 0.805867
7.14306 48.0998 0.658202
8.53599 38.6731 0.514197
8.34815 49.1618 0.587293
7.90151 46.7876 0.593459
7.74078 39.1831 0.608183
9.90248 45.0352 0.628587
6.77601 29.7396 0.480175
7.92703 41.4952 0.487878
7.89477 38.1196 0.495228
6.72719 39.6493 0.598015
8.44815 29.0794 0.494985
7.51364 37.1074 0.568062
7.95535 42.8575 0.778406
8.61928 41.3507 0.576606
6.17542 34.8023 0.481907
6.45906 41.9029 0.628916
8.27076 33.3504 0.485454
5.88036 37.4462 0.522131
5.67639 42.0866 0.626022
5.47997 32.8107 0.483983
5.10566 34.027 0.479393
6.90236 36.1742 0.576884
5.37662 34.8763 0.549128
5.3806 37.6446 0.416555
6.3243 34.1116 0.446075
6.38503 38.943 0.417089
5.49373 21.7768 0.608311
6.67536 33.4445 0.482093
6.41136 34.8237 0.651451
6.5091 40.8097 0.677186
6.96392 40.8968 0.669311
6.5256 44.3414 0.805341
7.12165 31.0552 0.496018
6.28893 25.2739 0.596898
5.66137 22.372 0.431868
6.07886 22.2867 0.372116
5.72287 26.3253 0.276536
6.50361 27.3754 0.432259
6.78183 28.3649 0.723328
7.1787 44.1495 0.609271
6.39263 46.424 0.626651
5.88684 26.6407 0.299861
8.64805 29.0353 0.728645
7.18183 41.2679 0.671136
7.76417 35.2469 0.556567
6.08399 29.5575 0.444334
7.32902 24.7731 0.461156
6.07916 29.924 0.487819
8.43762 36.7818 0.67144
8.06509 34.2463 0.700625
7.17345 36.7516 0.635333
6.40092 27.349 0.674424
8.2846 40.9493 0.732342
7.33269 34.8412 0.82997
8.67394 42.9179 0.795217
9.55269 36.7155 0.661772
8.58869 41.2037 0.524064
9.55785 37.7174 0.598523
7.14088 25.81 0.465093
6.42571 22.0121 0.410834
7.30351 27.4798 0.497029
8.80003 31.3384 0.42268
7.77466 33.3765 0.56172
8.32646 38.3607 0.499729
8.78287 33.3707 0.516873
7.95899 26.2774 0.490034
7.44622 35.0258 0.704124
8.49202 35.8881 0.547117
8.29639 45.1165 0.662434
7.77242 39.8412 0.678591
8.89207 39.8241 0.51171
8.53546 38.2362 0.563624
8.95483 40.4645 0.8319
7.7935 46.7788 0.825463
8.62535 42.5264 0.613493
9.16532 41.7324 0.603694
7.57101 46.5938 0.710948
8.15111 33.3213 0.73254
8.77376 40.527 0.610595
7.33035 36.1401 0.47505
7.4018 42.047 0.696032
8.41271 46.9615 0.702284
8.36728 41.6482 0.637641
7.55825 43.3672 0.633793
8.50665 50.6125 0.774364
7.12293 40.2075 0.541243
7.73909 38.171 0.469417
5.88146 23.7623 0.457676
5.38033 16.4831 0.423272
5.9057 22.7426 0.326278
6.72756 33.3495 1.16681
5.60953 14.8492 0.32015
4.86106 12.4522 0.662079
6.51415 20.5112 0.434759
6.88668 34.8596 0.576291
6.10121 28.6995 0.413803
6.23463 31.8453 0.843289
7.75865 32.0246 1.32704
6.66306 33.2373 0.672609
7.71141 33.3351 0.512707
8.67073 38.5847 0.650561
7.16775 22.8662 0.721617
7.5265 32.1539 0.617888
7.11541 27.6112 0.464436
6.52677 25.2723 0.416297
6.59522 35.0387 0.61377
6.57902 35.847 0.680405
5.65286 16.0474 0.290946
6.1563 22.4694 0.311668
7.61029 29.0293 0.379446
5.92451 23.899 0.345371
6.57757 22.3512 0.406537
7.39549 30.7372 0.806035
7.52827 31.7192 0.651665
6.67924 32.7321 0.463865
8.9793 35.1754 0.501553
7.29805 36.244 0.660932
7.89734 54.7354 0.622132
7.81812 36.66 0.595323
7.21682 38.5707 0.607018
7.0838 38.8396 0.614729
8.25582 38.354 0.540901
7.10611 34.6517 0.695266
7.57135 49.3843 0.714115
7.74122 47.7811 0.676342
9.02424 42.7502 0.654533
8.69211 51.5122 0.70337
8.77357 54.7811 0.864928
8.21054 40.3546 0.436902
8.72949 51.5596 0.639549
8.29425 44.2352 0.619262
8.44717 41.6466 0.744102
9.15527 33.8604 0.563342
9.35137 38.8802 0.604092
9.3256 39.5339 0.796474
7.67975 42.5065 0.7692
7.8225 36.1292 0.605635
7.8845 37.2938 0.688619
9.00812 33.7558 0.661978
8.4707 31.8981 0.464107
9.02845 30.3037 0.796143
8.95264 32.6056 0.586364
7.76647 42.407 0.675244
9.90917 39.4968 0.619584
10.9668 35.8425 0.914052
10.5927 45.6092 0.601832
9.32738 41.8309 0.888854
10.7963 57.2701 1.07001
12.3977 44.5733 0.543823
9.09933 50.6932 0.864195
9.26512 42.9095 0.700549
9.5264 53.254 0.910577
9.80709 39.5568 0.604192
7.84889 36.584 0.591711
9.47729 45.6967 0.613525
8.42551 39.5108 0.488162
8.13365 38.9058 0.973058
10.0723 41.0195 0.59663
9.51963 34.004 0.628019
8.68981 37.6152 0.693313
8.23532 31.2178 0.492073
7.60547 40.0288 0.651283
7.03821 33.1356 0.574326
6.37817 21.4591 0.33315
5.86981 22.1441 0.225272
6.34 16.3452 0.391308
7.2066 36.7634 0.63313
6.24782 26.7194 0.44353
6.16466 24.4347 0.388263
5.76988 13.5653 0.472393
5.04546 17.5838 0.323525
6.99807 29.2104 0.508114
7.72907 38.9204 0.493474
6.79517 22.8218 0.34121
6.9228 26.4944 0.438304
7.86294 24.9532 0.574296
7.18621 37.1366 0.66703
6.65873 35.6901 0.493662
7.25215 29.1261 0.407477
8.23144 28.074 0.612306
8.14703 21.8646 0.552848
6.53705 29.1188 0.459267
7.32241 27.7427 0.453209
6.38937 33.2781 0.457794
6.9194 31.0548 0.935645
8.58781 34.7705 0.525393
8.7089 38.7922 0.537194
8.39905 27.8679 0.385421
7.03809 27.7159 0.381111
8.59537 31.2177 0.502609
7.04485 32.0164 0.651676
7.84736 30.62 0.570814
6.61483 33.6679 0.918412
7.82206 35.7929 0.715781
6.71623 29.8439 0.58047
7.70282 29.7199 0.474492
8.67848 32.9664 0.759336
6.91234 24.601 0.45103
5.9973 17.5085 0.752865
6.75883 41.9596 0.699018
6.24545 28.9129 0.46762
6.61529 28.2883 0.561259
7.18951 25.0128 0.429106
8.66038 39.7594 0.667257
6.81698 29.7389 0.416673
9.15979 36.6087 0.601769
7.0251 39.5117 0.659405
6.95541 33.0019 0.540259
7.53991 37.5769 0.676222
7.99519 29.9728 0.941924
7.18677 40.0089 0.663378
7.93205 35.064 0.769945
8.2249 29.8009 0.525577
7.24954 25.9089 0.760462
8.03311 28.2423 0.494566
8.25692 26.8654 0.327918
8.04783 31.2984 0.315612
5.13495 36.7726 0.512532
6.78289 27.6252 0.33737
7.48082 43.9959 0.510592
8.09899 34.0167 0.350261
7.19839 33.7859 0.441344
8.18677 36.7463 0.714862
9.15412 34.8363 0.504724
7.91737 37.2674 0.553841
8.01171 59.5061 0.604861
8.22109 36.7422 0.586297
9.2755 44.3679 0.628661
8.8935 36.8554 0.477281
8.06662 27.82 0.335522
9.11143 51.0004 0.722309
8.16302 37.6272 0.635662
8.07294 43.4486 0.44478
7.46647 36.3418 0.35899
7.09062 42.63 0.518278
7.05028 49.4957 0.667401
7.53772 46.6498 0.672912
7.70899 50.3411 0.604848
9.20687 46.2925 0.79159
9.07229 74.6007 0.825274
9.782 46.0852 0.666416
8.31124 43.9316 0.616101
9.6662 41.4636 0.531982
8.05241 40.5547 0.52926
9.80346 40.9133 0.482899
9.76666 59.6004 0.873345
8.26729 40.7251 0.641754
8.71001 48.8056 0.616749
8.80135 89.439 0.78986
8.30337 43.1948 0.533729
8.56489 52.1845 0.846041
9.29553 46.172 0.893719
8.15864 54.4301 0.710003
8.50767 48.9522 0.812087
9.43099 55.7245 0.80407
8.64197 44.2641 0.672768
9.14588 47.9501 0.599938
8.20584 54.3286 0.968277
8.19472 45.7564 0.617934
7.93718 43.1205 0.541674
7.9178 43.3359 0.575205
7.77312 45.7824 0.815639
8.89331 38.1987 0.627156
9.34637 50.2762 0.819228
7.71342 50.5941 0.802135
8.18459 49.1404 0.752734
9.13817 59.8322 0.976921
8.63966 45.9112 0.681671
8.73473 35.6606 0.519077
8.44972 47.3542 0.6102
8.73488 46.6988 0.515869
7.62723 42.873 0.64379
9.16453 39.7476 0.562999
8.14768 46.2473 0.774518
9.59233 45.2466 0.671627
11.2527 43.1626 0.568763
9.98584 41.3287 0.524494
9.97589 34.2735 0.603921
9.42039 30.4274 0.449703
9.34131 35.0274 0.548809
9.88538 40.7319 0.657861
7.71391 43.6445 0.565222
10.7227 44.1886 0.695776
9.33271 42.0612 0.563744
9.63247 39.8705 0.692841
11.1418 47.3534 0.55451
8.96228 41.063 0.544403
5.23011 42.3624 0.82358
10.3607 47.5177 0.779961
8.56661 41.3447 0.819264
9.87904 35.794 0.755984
9.4017 43.1462 0.614605
8.54053 38.3026 0.413183
9.16151 35.2364 0.562
9.4901 40.144 0.783826
8.85796 41.1156 0.807736
9.70448 33.4304 0.520684
10.3781 38.3348 0.731128
10.2886 41.2114 0.570002
10.1563 31.7226 0.586696
10.5688 32.2528 0.556769
11.3282 31.1976 0.600329
10.068 33.2466 0.615934
11.8503 41.383 0.775479
9.48464 72.281 0.717655
9.84056 37.8929 0.625727
10.1543 43.4573 0.786206
10.6273 41.4455 0.814333
11.642 45.7044 0.823217
11.3569 46.4696 0.773847
10.9655 45.8525 0.980261
10.9927 44.3704 0.791911
12.1393 50.0717 0.826087
12.2195 44.2807 0.665601
11.308 50.1243 1.13476
11.4535 39.8936 0.770889
11.9167 42.5982 0.669739
11.4588 46.7602 0.676476
13.8112 44.8216 0.77787
12.0122 42.7587 0.77539
12.1531 61.3552 1.02629
12.2175 47.7717 0.93531
13.5228 52.5326 0.832191
12.6047 57.0723 0.969927
12.8248 48.4307 0.802846
12.2216 43.758 0.732242
12.6347 49.9464 1.13385
13.9525 57.2151 1.24438
12.2848 50.7602 1.29361
12.0657 44.6421 0.911261
12.3962 59.6358 0.978032
12.239 51.3837 1.2516
12.4733 54.0593 1.28258
13.9265 59.9683 1.25558
12.7853 48.4838 1.12511
14.9729 57.8132 1.11045
12.7331 57.0127 1.25292
11.3693 56.3577 0.839535
12.4228 44.5317 0.821037
13.7366 51.9328 1.13335
13.7657 51.2983 1.07127
14.554 55.9421 0.856524
12.6433 42.0948 0.791241
12.6875 50.1399 0.843598
11.7052 30.3122 0.85065
11.7681 44.5743 0.887349
13.1486 43.4634 0.822759
13.6396 37.4297 0.597296
10.8918 38.876 0.699919
12.6469 39.7014 0.617394
11.8494 39.1588 0.648396
11.306 52.5617 1.02172
12.7741 42.0766 0.61023
12.2608 47.2135 0.85545
12.282 46.1287 0.78699
11.7796 36.8768 0.742644
13.7156 44.7422 0.811235
13.3984 47.9467 0.923854
14.2091 48.4007 0.734952
12.1588 36.6485 0.75078
15.4327 45.7163 0.922915
11.739 56.136 1.18931
12.46 46.3518 1.06843
12.7882 47.1871 0.842115
13.0675 42.1328 1.39795
14.0533 39.0811 0.775987
13.5714 36.8755 0.783501
11.4499 50.1084 1.0142
13.261 46.8173 0.983718
11.8211 42.2351 0.777259
13.0911 40.5773 0.765561
12.1138 36.5092 0.780139
17.2621 43.9143 1.30821
12.1757 40.1001 0.882319
12.4318 49.9101 1.1314
12.3586 42.4909 0.961089
12.8117 41.9226 0.923124
12.8378 40.8688 0.625595
12.3547 33.7306 0.809227
11.3931 36.6713 0.998241
13.0014 34.9065 0.827081
13.8942 28.4482 0.759589
13.7003 35.1689 0.824966
12.7816 42.128 0.867882
13.2567 44.9712 0.961309
13.2647 31.3229 0.711918
13.8385 43.3175 0.826074
12.2827 43.9525 1.26315
13.7973 41.4648 0.968464
11.9918 44.5517 0.797124
12.7676 42.6954 0.861435
12.9563 46.1518 0.842437
11.5195 38.4133 0.982156
13.5035 43.3783 0.800462
13.0034 37.5276 0.896149
11.4796 36.0466 0.69433
13.3608 50.4874 0.898377
11.9907 46.4267 1.0482
12.2608 46.6784 0.888117
12.3729 52.0195 0.903687
11.0882 43.9801 0.7187
12.1884 46.7471 0.931957
11.7557 50.915 0.907484
12.8627 42.1617 0.643168
10.5717 42.1266 0.717162
11.3176 47.318 0.723499
9.68128 48.8061 0.707614
11.0713 45.6985 0.725218
10.1828 49.3635 0.951962
11.0932 45.9115 1.01084
10.9943 42.3679 0.690828
10.9599 34.0293 0.53882
11.06 37.4021 0.573022
9.8767 48.6727 0.827081
9.81789 51.9714 0.895688
9.7244 45.0907 0.828633
9.51552 44.7328 0.886712
11.2806 39.2215 0.7778
9.26626 41.4403 0.961807
10.464 40.9544 0.654873
9.13604 42.1532 0.662046
9.17619 41.9836 0.791932
9.02568 53.8191 1.02176
10.6605 43.492 0.675868
10.5481 52.2557 0.771648
9.70651 42.7069 0.667913
9.76793 46.9259 0.833125
10.4829 42.4351 0.623109
10.0161 44.6222 0.674274
10.2555 44.845 0.62241
11.2552 55.8945 0.870256
9.45974 49.7524 0.909367
8.72727 36.2029 0.882615
7.59269 55.6517 0.863368
7.80709 34.6385 0.670953
8.38351 35.3176 0.449068
8.11472 28.7809 0.960169
8.27416 36.2033 0.610438
9.64379 43.2165 0.551068
8.42511 52.5066 0.732103
9.73925 48.1855 0.799974
8.68572 37.5584 0.648278
9.03519 47.878 0.645983
8.63084 47.2799 0.753329
7.61424 48.9303 0.82022
8.48866 47.7846 0.750771
8.98901 50.0181 0.762504
7.66566 46.8297 0.622725
8.823 46.6648 0.615532
8.4354 44.3848 0.55612
9.60127 46.3424 0.635503
7.37239 38.0473 0.526926
9.95977 40.5178 0.506283
8.11784 41.2769 0.829533
7.94796 36.4746 0.843359
8.52269 29.7981 0.733821
8.32581 44.7088 0.509887
9.8312 48.1217 0.569574
9.14224 47.3301 0.696363
10.7205 64.978 1.12987
11.6217 63.8514 0.820395
9.19812 45.5222 0.662109
8.62387 50.898 0.653082
9.93117 47.1998 0.560326
8.13435 53.7641 0.912831
9.16675 44.0627 0.731226
9.26342 46.242 0.844106
9.1138 48.853 0.91035
9.64263 50.4403 0.693621
9.10087 55.5323 0.947586
10.4579 47.3882 0.739382
8.22887 40.9066 0.887467
8.34867 39.3222 0.839271
10.1897 45.5818 0.671337
8.64676 60.7398 0.78094
9.59916 43.5646 0.571697
10.5255 50.57 0.593861
10.8427 54.9338 0.953769
10.7643 48.3369 0.846878
10.2511 58.4323 0.741422
9.05842 60.0437 0.88889
9.64282 56.3402 1.05594
11.0526 49.0424 0.777999
9.30418 46.4786 0.953572
10.3785 44.8335 0.909259
9.7906 46.5631 0.752555
12.2158 81.1928 1.07917
9.89004 46.076 0.781378
9.64845 38.6691 0.590481
10.8079 45.417 0.73399
8.86782 45.2477 0.633673
8.9747 45.2063 0.63571
9.68881 56.9631 0.772797
10.621 54.3827 0.623613
9.40769 78.2952 0.77646
9.94647 42.4131 0.586954
10.2092 39.9674 0.574081
8.61714 37.638 0.675338
8.80479 32.0505 0.416494
8.60987 39.004 0.610293
10.6899 44.3651 0.522854
7.80209 47.502 0.955377
8.36897 49.5949 0.949476
9.02873 44.1283 0.692614
11.5745 48.3391 0.67765
10.5128 61.3817 0.731351
9.56852 51.1022 0.971049
11.6084 47.7063 0.714119
10.7276 62.8129 1.12352
11.2445 53.0881 0.787893
10.606 60.4933 1.20817
12.0099 68.9211 1.28161
11.0486 55.9603 0.761331
11.1496 56.9191 1.05573
12.1702 64.352 1.31759
13.117 63.4183 0.925924
10.5055 52.1612 0.953666
11.7383 52.1307 0.792633
10.879 56.474 1.08023
9.12504 54.3607 0.710362
10.7338 44.9159 0.807175
11.341 54.8401 0.827753
12.6066 55.8134 1.1227
12.3992 54.2513 0.862103
13.2458 47.4801 0.713631
11.8175 65.8231 1.07293
13.0431 62.8425 0.88521
11.6059 60.9384 0.781191
11.7355 57.4987 0.850083
12.8873 45.6015 0.899256
12.2649 43.6896 0.972374
11.7657 53.5526 1.13657
13.0998 43.2774 0.733795
12.0019 49.5832 0.737853
13.9202 51.3693 0.765672
11.9121 56.1238 0.819034
15.5614 49.7003 0.680228
13.439 66.696 1.23838
13.5785 56.294 0.922419
11.8757 48.2842 0.646124
12.1624 45.5625 0.782306
13.7829 53.8527 0.673119
12.0635 62.7338 1.01786
12.3477 44.1798 0.841895
13.8599 48.786 0.638211
11.6516 69.7946 1.07737
12.8763 69.007 1.16931
13.8302 63.5493 1.07397
15.0403 47.4021 0.862462
11.9493 57.5847 0.75768
15.0296 58.4181 0.734773
13.3574 60.7371 0.999434
13.0505 65.7311 1.04797
13.3776 68.8516 0.769914
11.6755 35.6766 0.5817
11.4677 41.9167 0.637008
13.8237 42.4636 0.672246
13.2632 43.1368 0.706379
13.763 55.9161 0.882759
13.6378 45.9495 0.659516
12.2476 58.4705 0.789511
12.2921 64.18 1.2162
14.6923 60.9846 0.854018
12.9231 53.348 0.829605
13.5229 48.1712 0.816437
14.8101 70.1048 0.757585
12.7847 54.8067 0.849697
13.3857 61.2315 1.01494
11.9245 59.5049 0.84112
13.6446 59.5274 0.871281
14.6886 51.849 0.776221
14.4693 52.8587 0.779406
11.9836 57.6074 0.820282
12.7262 52.0041 0.678079
11.783 53.0284 0.963084
14.3102 51.2363 0.823025
11.7435 64.4202 1.11783
12.796 57.1146 1.13008
13.7057 57.6514 0.864776
11.5575 60.8778 0.823567
13.2508 41.2659 0.679254
13.1698 46.8548 0.814126
13.6796 51.8945 0.785876
12.5987 46.4456 0.826937
13.0266 47.4336 0.711657
11.9097 60.2776 0.811082
15.1175 54.3351 0.720997
12.4499 64.0085 1.09198
11.8372 51.7085 0.792126
12.5449 60.5753 0.881084
16.9747 86.6253 1.06008
11.9349 49.7141 0.648237
12.0589 64.8027 1.19982
15.6447 49.7693 0.700526
13.2808 42.272 0.727346
12.1722 60.5925 0.904221
12.445 58.4718 1.10814
14.1583 53.0796 0.934081
13.2584 71.166 1.13617
14.9984 67.1041 1.02026
13.6965 58.3775 0.876354
13.2279 63.4113 1.52644
12.898 68.6955 0.995382
13.1718 74.1727 1.1117
13.1328 61.2115 0.921536
14.7101 57.673 0.848672
13.4689 62.4123 0.717889
12.7172 56.6863 0.765314
11.9453 52.1603 0.791163
12.771 78.322 1.08084
14.1728 62.9289 1.08615
12.9969 72.6289 1.22267
14.3438 60.7337 1.13966
13.6123 59.4716 0.948635
13.1809 65.327 0.879207
13.6434 54.4158 0.878889
14.0918 77.0833 1.20666
12.5164 65.1901 1.14786
13.9397 49.2386 0.783076
12.6862 57.8863 0.880758
13.6865 64.6128 1.0935
14.2824 68.6122 1.11615
12.671 62.6314 1.04714
14.6772 65.7659 1.04725
12.0303 74.6132 1.19806
14.0779 63.1161 1.09985
15.0167 54.015 1.0446
14.4715 77.4775 1.33461
13.389 65.7062 1.04536
13.9378 72.485 1.27205
14.2364 72.8341 0.973685
14.8765 73.3079 0.992935
15.2066 58.1038 0.90156
14.1681 55.4448 1.1211
13.4397 68.7499 1.09895
12.9053 56.1529 0.941266
14.0397 61.3394 0.996471
13.9769 56.6001 1.26163
13.503 66.316 0.818827
15.8709 69.3149 0.884634
13.0936 65.0591 1.15523
13.288 63.2394 0.915952
14.2702 64.9314 0.846844
12.5665 62.8162 0.721604
15.6282 59.091 0.785595
16.5517 80.2422 1.00689
15.7858 106.246 1.36832
13.8623 61.7857 0.809023
13.8069 75.1435 0.827826
12.4205 67.1547 0.840413
12.671 62.1519 0.817206
13.6993 70.0535 1.04942
11.1279 56.4313 1.09112
12.7943 54.2674 0.725785
12.2188 63.5853 1.07036
10.8505 62.0947 1.00106
12.0791 53.1644 0.923664
11.5308 59.9522 1.09072
11.1679 43.7467 0.702366
11.2466 47.7018 0.658188
9.41744 42.9579 0.921226
10.4224 46.0464 0.890849
10.3348 38.0668 0.714406
10.5527 46.6479 0.636825
9.46951 46.4993 0.711921
9.36989 56.9087 0.951688
8.25302 44.5647 0.585388
7.86852 31.8965 0.569877
8.38957 54.8419 0.924121
8.60183 40.5643 0.753392
10.4362 54.7039 0.702734
10.6772 60.7056 0.792817
7.91039 41.8994 0.653628
10.2946 49.9433 0.691644
9.4181 42.6527 0.572853
9.20312 52.066 0.62216
8.56788 32.9541 0.591232
11.1593 50.8386 0.573251
9.3404 50.7041 0.611403
9.23828 46.0537 0.651648
10.0152 47.0393 0.771669
10.1066 37.8457 0.500685
9.798 49.66 0.573435
9.07162 55.3515 0.674595
9.07645 56.3193 0.841664
9.58075 58.8464 0.829446
9.63807 55.009 0.792002
8.37115 58.3864 0.921777
11.0133 60.787 0.602043
9.98853 45.7441 0.553328
8.4974 55.5657 0.876043
8.19361 53.1623 1.00591
9.99115 50.128 0.969022
8.5546 50.7571 0.670599
9.4452 55.7013 0.677998
10.3593 58.505 0.654311
9.40318 37.9484 0.512388
9.45381 54.8144 0.824832
8.99529 71.5985 1.07418
10.9957 63.4951 0.741513
10.8837 58.5258 0.902909
8.89947 73.5537 1.06342
11.3506 88.6986 1.18867
10.5175 58.8335 0.660358
10.3936 63.1705 0.773925
12.3892 62.0933 0.804448
11.0206 64.953 0.651081
10.6359 69.8235 0.881161
9.36454 68.8645 1.11246
11.1099 76.3913 0.99627
10.9753 90.6599 1.2488
11.4872 75.2757 1.16043
11.3909 71.9153 1.18505
9.80301 73.8742 0.839391
11.3755 80.7666 1.26339
10.9893 66.4526 1.01575
10.8777 77.417 1.16507
12.3676 72.5389 1.05575
9.58741 63.1861 0.764221
11.5296 65.1084 0.726985
10.5108 76.181 0.819895
10.3972 69.8849 0.876546
11.217 77.5988 1.2061
10.6 55.9201 0.731808
11.8115 47.1278 0.743155
10.3849 59.085 0.81477
10.8596 62.7197 0.803275
11.6816 68.7453 0.790943
10.0095 50.2443 0.776134
9.23779 61.9046 1.05867
10.7843 54.7263 0.670864
9.75923 68.0557 0.995277
9.39399 62.1511 0.898686
12.6226 111.049 1.09837
11.9946 61.1176 0.962655
10.4104 73.8912 0.846232
12.6419 80.2248 0.93489
11.9323 59.7095 0.812939
12.0608 64.7307 0.783427
11.6021 72.2431 0.962463
13.0778 75.0456 0.819153
13.6989 82.0604 0.768438
12.8897 68.1833 0.903854
12.6689 69.6854 0.932507
13.5884 79.8855 1.1033
13.0549 74.2906 0.910501
13.9985 77.5434 1.13688
11.8692 68.4875 0.954862
12.178 71.3651 1.13301
13.9467 73.8602 1.19233
12.3991 63.2168 1.02261
12.3267 72.6294 0.713204
13.6182 50.636 0.659067
11.6893 49.913 0.678082
11.2549 67.6899 0.939328
11.2478 60.6294 1.19813
10.4644 36.2215 0.455437
10.3802 39.101 0.550071
8.48637 31.9361 0.560767
8.65838 35.7615 0.741805
8.55727 35.5742 0.61686
10.1268 42.9512 0.519721
10.2749 33.1019 0.499231
10.78 56.918 0.747803
9.3921 52.3988 0.714601
10.9481 48.3379 0.791865
10.5121 47.8994 0.744413
11.0483 57.2358 1.31461
10.0369 66.4213 0.875829
10.6921 62.4162 0.94533
10.6699 50.5952 0.749817
10.5753 44.8317 0.629977
10.6659 41.6143 0.625833
9.04715 43.1193 0.594219
12.3752 56.8238 0.550477
11.3964 56.754 0.785892
10.2352 38.4324 0.666285
10.0838 51.2518 0.852238
11.2032 52.5648 0.636895
11.4722 46.4592 0.65394
10.7097 54.349 0.691931
10.845 46.4575 0.590687
9.49883 57.0138 0.736297
10.2452 53.0471 0.735935
10.5995 56.2459 0.740232
9.71532 59.6973 0.734452
10.5018 49.1796 0.527865
8.29021 50.9167 0.801937
9.03788 46.0628 0.742278
11.7903 94.4265 0.968652
10.7307 48.0837 0.687762
10.4088 56.8559 0.862104
10.1193 38.3276 0.524859
10.376 57.3702 0.83856
10.7923 52.6464 0.706921
9.98379 52.1608 0.653461
9.83093 43.908 0.762993
10.234 46.164 0.538908
12.1822 60.1247 0.699798
11.2535 63.9904 0.977423
11.8708 54.1838 0.883466
12.3597 53.3555 1.10938
12.434 57.912 0.789909
11.4432 61.107 0.744986
12.136 59.639 0.790808
11.3815 52.4745 0.776118
11.6793 59.8903 0.892893
10.7487 61.8526 0.684079
9.67511 40.1939 0.563515
10.1466 51.7393 0.569906
10.1411 67.915 0.838577
8.92318 57.5711 0.797525
10.2061 58.0848 0.861617
10.6187 57.823 0.702487
10.6939 64.0265 0.886041
10.6246 55.4198 0.977743
9.37674 51.3793 0.642351
9.98096 59.8913 0.661208
10.5472 50.4676 0.605159
14.0287 65.9929 0.817113
10.9394 50.5878 0.669688
10.3998 50.1902 0.628154
11.6572 54.6017 0.561179
9.2277 52.0618 0.838181
8.69685 44.3003 0.817664
10.9984 40.4183 0.510754
10.224 46.5463 0.628745
9.79918 52.8933 0.795403
9.63982 51.4849 0.655218
10.5307 59.1833 0.647294
10.2704 49.4682 0.535407
8.76959 55.88 0.658925
10.6859 53.7164 0.644252
9.78668 50.6087 0.545871
8.864 43.3881 0.473685
8.09314 47.7278 0.514254
8.48214 46.3875 0.599451
8.57707 40.3436 0.579512
9.12448 70.223 0.657634
7.86757 42.0699 0.668457
8.52591 42.1802 0.763929
7.3607 43.9739 0.666803
7.03091 39.5693 0.565092
7.85681 42.3845 0.649707
7.78095 46.9035 0.628624
6.85746 33.7647 0.365571
6.57649 28.8121 0.375097
7.9932 30.5629 0.414055
7.48476 36.3974 0.478505
7.53202 56.9514 0.788233
8.95243 57.8222 0.777176
7.67021 65.4506 0.670203
7.72695 46.5916 0.57859
8.0208 50.8877 0.642115
6.64136 48.7369 0.706158
6.80008 39.544 0.411316
7.7376 44.0532 0.780318
6.72353 49.9912 0.773891
6.50115 53.6243 0.730334
6.12133 33.8688 0.619751
5.6373 42.1368 0.54234
7.80559 46.9414 0.549282
9.66405 44.8666 0.515014
8.85522 53.9088 0.583037
8.57366 60.1216 0.590925
9.98764 73.0858 0.694079
11.0121 65.6354 0.94162
11.5204 71.9363 0.720348
12.4044 68.7195 0.647749
11.2869 62.4523 0.706211
9.67707 74.8705 0.863253
10.2245 66.6456 0.616765
10.7819 76.1249 0.910195
10.9075 82.9679 1.0465
11.0415 80.6083 1.05712
9.42011 54.7889 0.696755
10.2662 63.8615 0.622203
9.7603 66.8767 0.679543
9.02348 73.4196 0.7894
10.5663 84.2372 0.935386
8.94888 62.5861 0.68491
11.0197 63.5426 0.677169
11.1425 62.3785 0.570265
11.0929 76.0021 1.04093
10.4153 65.908 0.881192
9.7199 64.432 0.74417
9.89229 74.744 1.0712
9.60407 67.2599 1.05733
9.6722 49.4226 0.658007
10.2938 62.9618 0.591384
9.59129 49.2862 0.598966
9.9005 61.2678 0.660503
8.42885 53.2125 0.679642
9.29033 64.5851 0.744264
7.99134 44.374 0.605145
9.94361 59.1519 0.597161
8.10015 55.7512 1.22894
8.56073 50.8186 0.68723
8.97863 52.6325 0.554056
7.88351 49.5364 0.766087
8.05114 52.9386 0.82983
8.60758 45.6186 0.66749
9.46274 48.1808 0.688995
10.7767 97.5661 1.19041
8.67527 55.6338 0.787323
9.9939 44.5886 0.514061
10.0608 50.3101 0.629279
8.22322 37.112 0.538761
9.37183 48.3269 0.58564
8.80287 48.7821 0.667864
8.54379 50.3203 0.663393
8.5517 51.3303 0.752589
8.892 52.1363 0.747184
10.22 74.586 0.8466
8.75349 62.5297 0.904668
9.13848 75.7303 0.975286
10.2962 73.8807 1.02365
9.11432 68.5714 1.06577
12.0173 69.1252 0.787118
10.5484 49.6035 0.700369
12.1253 68.2367 0.861438
11.8546 70.3883 0.83568
12.669 65.4102 0.790076
11.9705 89.428 0.879564
12.7545 77.9137 0.876283
12.8402 62.3468 1.17132
11.8305 77.986 1.3593
12.6566 65.1522 0.867022
11.8415 56.5887 0.84938
11.1334 54.0515 1.06588
12.5553 65.2868 1.05219
11.3056 64.6451 0.978115
10.3941 57.1173 0.678389
11.5593 61.3597 0.880661
9.81439 50.7262 0.601049
11.8733 51.5493 0.632351
9.24163 43.9798 0.625279
9.81868 43.0752 0.640267
8.53813 45.0168 0.550713
12.6485 51.579 0.708139
8.82844 57.7485 1.08712
9.62727 43.4812 0.518383
8.41858 42.9667 0.498801
8.1213 44.5553 0.681666
9.39051 52.2019 0.609432
9.06431 45.1894 0.678488
8.35178 44.7929 0.839734
9.63069 35.1272 0.702919
8.43988 40.8759 0.637445
8.82662 43.8212 0.580825
8.12798 38.2554 0.55664
9.52576 42.8749 0.502283
8.31218 41.1711 0.589458
10.0757 35.2824 0.91021
8.64069 55.8511 0.555374
9.58369 44.6382 0.517773
9.51868 38.214 0.70533
8.30427 48.164 0.546774
8.13286 52.8316 0.745124
7.88969 47.6924 0.742157
9.83653 45.0524 0.447415
8.64946 82.6342 0.676666
8.0363 52.6285 0.632428
8.59572 48.2608 0.512557
8.71704 52.7801 0.619212
8.02721 41.9079 0.573932
9.95659 41.3861 0.528425
8.67253 52.799 0.67169
9.39026 51.0064 0.846849
7.56044 50.6012 0.661516
10.1734 56.4482 0.628481
9.86962 43.0211 0.511561
9.68201 46.9933 0.553301
9.17489 44.5309 0.581386
9.78963 69.4742 0.739824
9.63855 69.7812 0.796832
10.8637 63.6751 0.619833
9.47236 68.0856 0.864437
9.95925 68.3014 0.972051
9.04686 44.6013 0.552412
9.71062 52.7581 0.614856
10.637 67.5269 0.61219
10.2038 54.0743 0.508013
10.3747 80.9242 0.95379
10.0805 68.8488 0.722649
9.45252 54.5243 0.657814
9.35249 71.4262 0.880068
10.1681 73.7531 0.958302
