1.39491 0.000276 1.30152
1.0923 0.000174 1.08857
1.04924 0.000134 0.953811
1.25378 0.00018 1.05593
1.07019 0.000153 1.02801
0.927829 0.000175 0.92308
1.16199 0.000264 0.916038
0.975744 0.00016 1.02952
1.01831 0.000219 1.00465
1.05314 0.000299 1.00013
1.3047 0.000227 1.04301
1.05204 0.000101 0.970416
1.00084 0.000295 1.03875
1.87477 0.000207 1.19469
0.900484 0.000149 0.905919
1.02935 0.000272 0.89201
1.0167 0.00026 0.95914
1.00627 0.000217 0.989713
1.10318 0.000425 1.01365
1.07518 0.000258 1.0091
1.0441 0.000121 0.98898
1.04031 0.000133 0.922851
1.07025 0.00014 0.992144
1.12637 0.000184 1.0064
0.912743 0.000149 0.891187
1.11525 0.000284 0.994474
1.01371 0.000284 1.01785
0.972217 0.000134 0.929303
0.966402 0.000178 0.804907
0.919052 0.00014 0.906209
0.850735 0.000189 0.781104
0.858613 0.000166 0.819404
0.879397 0.000241 0.844061
0.893806 0.000131 0.863512
0.883397 0.000158 0.859635
0.824117 0.000147 0.77016
0.941491 0.000251 0.911873
0.969752 0.000155 0.714629
0.870887 0.000154 0.724149
0.973871 0.000159 0.786388
0.806791 0.000193 0.765169
0.989056 0.000189 0.80457
0.933884 0.000157 0.868072
0.798328 0.000156 0.787375
0.916159 0.000262 0.882273
0.770593 0.000202 0.753862
0.845727 0.000219 0.755838
0.772189 0.000166 0.713681
0.800267 0.000138 0.766351
0.807756 0.000271 0.792182
0.914742 0.00026 0.792804
0.892118 0.478954 0.812196
0.834993 0.481089 0.812766
0.981707 0.446116 0.80743
0.804562 0.435622 0.814427
0.874962 0.469951 0.827019
0.871588 0.422952 0.847619
0.931947 0.487479 0.916093
1.00693 0.429684 0.83194
0.943223 0.518389 0.892629
0.892876 0.466027 0.875386
1.00107 0.456174 0.902626
0.830316 0.42289 0.874149
0.883417 0.418556 0.867584
0.857921 0.449268 0.861385
0.857043 0.460965 0.746915
0.835996 0.486262 0.754738
0.784202 0.446969 0.730046
0.874844 0.44455 0.704771
0.806261 0.48977 0.79748
0.757993 0.459962 0.711379
0.862812 0.459152 0.742614
0.881538 0.478766 0.769017
0.9267 0.56079 0.88043
0.780051 0.46048 0.75983
0.943734 0.561943 0.750173
0.69924 0.466371 0.745425
0.715077 0.437629 0.690388
1.11122 0.76804 0.956741
0.882388 0.476879 0.776044
0.858043 0.519905 0.85071
1.17648 0.45956 0.84887
0.732302 0.425015 0.734473
0.797072 0.443051 0.770263
0.879685 0.43119 0.787776
0.991672 0.482149 0.855163
0.985199 0.544099 0.905649
0.991253 0.494304 0.866671
1.06146 0.731425 1.04449
1.37807 0.950949 1.75172
1.41467 0.845251 1.58617
0.955642 0.466383 0.970872
1.24439 0.654598 1.02325
1.17294 0.611359 1.14295
0.99813 0.484544 0.977369
1.00021 0.460594 1.12116
1.0288 0.474706 0.983802
1.11574 0.497201 1.0304
0.988034 0.440382 0.957337
1.0607 0.420865 0.986113
0.981194 0.454182 1.03303
1.09091 0.485271 1.04846
1.10384 0.454684 1.01255
1.12149 0.496123 1.06116
