1.32083 0.000174 0.991192
1.08874 3.5e-05 1.08426
1.11409 2.7e-05 0.963897
0.941151 0.000122 0.925832
1.15555 2.4e-05 1.088
0.968584 0.000305 1.124
1.10026 0.0002 0.933479
1.33485 9.2e-05 1.0875
1.03072 0.000214 0.986481
1.21941 3.1e-05 1.00098
1.51877 0.000138 1.22265
1.05648 0.00022 1.03213
1.00647 0.000138 0.997381
1.01677 0.000159 0.944037
1.04306 0.000122 0.984534
1.01409 0.00015 0.995309
1.57086 4.2e-05 1.59921
1.13756 0.000151 0.965061
1.12461 0.000137 1.1244
0.990163 0.000109 0.964483
0.97836 0.00016 0.976116
0.971745 0.000231 0.965299
0.971138 0.000141 0.994072
1.09719 0.000237 0.938786
1.01964 0.000185 1.02186
1.33313 0.00011 1.22302
0.972834 0.000258 0.868422
0.849334 0.000224 0.761985
0.845749 0.000143 0.861429
0.856553 0.000117 0.808988
0.895347 0.000132 0.805743
0.813637 0.000122 0.819846
0.778834 5.8e-05 0.83461
0.833399 0.000154 0.758295
0.729947 0.000187 0.730109
0.840374 0.000131 0.706464
0.738005 0.000149 0.676761
0.719728 0.000124 0.702034
0.732792 0.000132 0.698646
1.11072 0.000158 0.794137
0.897948 0.000214 0.721736
0.818153 0.000311 0.737072
0.920668 3.2e-05 0.73538
0.878432 0.000689 0.90402
0.771302 4.1e-05 0.741161
0.814092 0.000188 0.789937
0.855037 0.000136 0.794552
1.17443 0.000141 1.20013
0.835413 0.000171 0.801655
0.750464 0.000161 0.68886
0.758154 0.000156 0.741713
0.744941 0.491708 0.800317
0.772057 0.482509 0.76316
0.737347 0.464002 0.785313
0.776591 0.468119 0.740426
0.752303 0.48124 0.73604
0.744115 0.473585 0.737267
0.744016 0.501391 0.727613
0.743987 0.468196 0.761281
1.00833 0.540164 0.793573
0.773643 0.649156 1.10115
0.74887 0.503084 0.860141
0.886106 0.454387 0.80995
0.774795 0.471303 0.739768
0.756394 0.440896 0.796539
0.786033 0.445451 0.781574
0.851977 0.469593 0.806874
0.894218 0.579849 0.880903
0.871367 0.476541 0.832581
0.932241 0.460975 0.80923
0.87962 0.472896 0.850902
0.853364 0.482448 0.84959
0.883552 0.483475 0.835351
1.56459 0.865436 0.857013
0.909927 0.459717 0.870823
0.882311 0.471462 0.90096
1.02548 0.716102 1.72933
1.276 0.517295 1.14192
0.919021 0.553317 0.961701
1.02915 0.613546 0.918984
0.906491 0.468698 0.911087
0.932098 0.485494 0.871524
0.923109 0.480696 0.8841
1.12666 0.551803 0.990175
0.927265 0.647145 1.08703
0.983188 0.465185 0.867814
0.906174 0.471602 0.874899
0.891081 0.469764 0.856662
0.901933 0.470455 0.861204
0.891153 0.480925 0.948102
0.896067 0.473287 0.892555
1.33543 0.740893 1.3137
0.934624 0.469008 0.927685
1.33156 0.781369 1.38353
0.888877 0.475558 0.953221
0.880534 0.521175 0.913944
1.3397 0.731725 1.27217
1.31833 0.756584 1.2577
0.891591 0.476835 0.871951
0.872812 0.456328 0.847163
0.880546 0.476731 0.915147
0.898792 0.745932 0.846031
0.861956 0.55979 1.25338
1.29098 0.742246 1.05008
1.23737 0.752175 1.3466
1.38718 0.809348 1.38032
0.993474 0.482916 0.876944
0.906321 0.470817 0.873309
0.941498 0.427298 0.939652
0.985872 0.477555 0.934569
0.981984 0.510003 0.952767
0.946977 0.47737 0.934893
0.98649 0.468539 0.964011
1.00388 0.479304 0.9783
0.947048 0.481618 0.979045
1.02389 0.496429 0.985363
1.03347 0.477964 0.985012
0.95446 0.485684 1.08157
0.983969 0.481586 0.947655
0.979273 0.474673 0.938953
0.995215 0.448592 1.02763
1.05024 0.479405 1.36502
0.993475 0.469814 0.96967
1.21141 0.480014 1.03728
1.08256 0.483777 1.21742
1.02985 0.493133 0.981596
1.46506 0.733759 1.11864
1.58091 0.809452 1.54744
1.17099 0.524839 1.05304
1.0163 0.477344 0.990113
1.07291 0.479825 1.0935
0.966771 0.440874 1.06911
1.02377 0.579758 1.19297
1.04783 0.522612 1.09118
1.00315 0.461928 1.04256
0.99969 0.491816 1.0001
1.01649 0.468493 1.00238
1.08 0.530984 0.973383
0.993869 0.475066 0.963151
0.969489 0.487106 0.963025
0.98455 0.451869 0.954555
1.1212 0.602405 1.03119
1.02286 0.485998 0.914301
0.938023 0.449316 0.973236
0.916783 0.53568 0.88795
0.903818 0.483757 0.884813
0.898061 0.471957 0.875697
0.896911 0.481671 0.862599
0.892698 0.484953 0.897144
0.914789 0.488833 0.921628
0.874638 0.478681 0.879863
1.27484 0.809233 1.26645
0.829906 0.446666 0.856374
1.21168 0.756429 1.21941
0.840064 0.478408 0.898782
0.890656 0.47883 0.886245
0.876855 0.515498 0.853521
0.828177 0.523011 0.82834
0.801711 0.530971 0.763532
0.742632 0.476307 0.74571
0.749282 0.655903 0.713863
0.724602 0.529435 0.881699
1.04641 0.532071 0.891824
1.10184 1.22549 1.07051
0.671313 0.479767 0.661845
0.682495 0.481124 0.768944
1.56456 1.07437 1.50565
0.873644 0.4992 0.684834
0.693237 0.510595 0.68468
0.650396 0.540248 0.701756
0.969699 0.934152 0.949305
0.654468 0.472256 0.679728
1.12279 0.94469 0.959543
0.676381 0.475708 0.725127
1.07882 0.961516 1.04577
0.706309 0.4725 0.725123
0.707739 0.487287 0.728179
0.801913 0.475039 0.74492
0.705397 0.49389 0.757301
0.718393 0.472522 0.751775
0.768984 0.498133 0.718651
0.774637 0.468138 0.73358
0.751049 0.47336 0.787035
0.744448 0.451512 0.770948
0.726305 0.481607 0.747616
0.721679 0.572711 0.700448
0.761661 0.489062 0.709523
0.796774 0.660935 0.787434
1.09722 0.949413 1.02074
0.733349 0.638417 0.971573
0.744529 0.475947 0.7747
0.840909 0.556017 0.827679
1.15888 0.725253 0.976496
0.805686 0.574974 0.833152
0.905525 0.613584 0.778823
0.789115 0.480536 0.792627
0.810416 0.474856 0.792339
0.751464 0.496402 0.788395
0.740798 0.458346 0.757326
0.799018 0.571555 0.775976
0.916604 0.598758 0.758318
0.701329 0.505093 0.726628
0.875269 0.609623 0.666531
0.672387 0.473531 0.649923
0.774214 0.548729 0.770508
0.735897 0.492173 0.703326
0.737779 0.481234 0.667804
0.68995 0.482247 0.642812
0.763205 0.492282 0.726789
0.633346 0.507857 0.660823
0.666815 0.493583 0.625092
0.721689 0.564601 0.667976
0.579773 0.45777 0.678276
0.672852 0.580313 0.682281
0.64395 0.549603 0.689604
0.556984 0.503306 0.550813
0.74068 0.539726 0.535249
0.641437 0.556591 0.623331
0.568701 0.589155 0.5529
0.665052 0.544706 0.639911
0.570922 0.480041 0.758781
0.700963 0.567784 0.68543
0.56877 0.46793 0.569745
0.910604 0.556132 0.646793
0.574943 0.475487 0.547899
0.665128 0.452069 0.607604
0.783484 0.575988 0.738441
0.779877 0.621017 0.69467
0.618235 0.48806 0.638083
0.691614 0.435973 0.661777
0.635004 0.461806 0.651364
0.676242 0.494436 0.727421
0.733878 0.507706 0.640341
0.727479 0.513011 0.642218
0.684247 0.518148 0.712478
0.825221 0.59539 0.682806
0.82479 0.516457 0.651672
0.685854 0.470728 0.714669
0.75323 0.626356 0.773338
0.810701 0.573952 0.841316
0.738975 0.529803 0.773714
0.686311 0.476228 0.729129
0.7041 0.501418 0.673079
0.892981 0.741228 0.933479
0.916262 0.472523 0.750146
0.770852 0.615813 0.759575
0.887247 0.567053 0.797687
1.01828 0.590191 0.766355
0.722702 0.491177 0.750051
0.89104 0.568147 0.897931
0.89806 0.611975 0.772702
0.800645 0.519522 0.806721
0.962193 0.469679 0.738436
0.912739 0.533231 0.782735
0.972892 0.493952 0.769534
0.789154 0.432693 0.833682
0.800028 0.46806 0.765725
1.28101 0.723714 1.26028
0.789899 0.554601 0.783984
0.792869 0.487533 0.715427
0.750852 0.473666 0.730203
0.750088 0.503175 0.740354
0.822904 0.528664 0.742414
0.704659 0.477623 0.709144
0.808468 0.476102 0.703985
0.860018 0.531094 0.675239
0.844959 0.497339 0.727086
0.915145 0.675681 0.765289
0.714318 0.50467 0.779626
0.92923 0.485108 0.653151
0.733704 0.483895 0.679323
0.66188 0.469115 0.648819
0.846382 0.44391 0.697725
0.98359 0.763648 0.92289
0.881103 0.566811 0.752334
0.788116 0.510141 0.644685
0.909123 0.475172 0.663078
0.948096 0.492491 0.674055
0.69963 0.58252 0.667482
0.697938 0.485851 0.669339
0.764486 0.516223 0.734738
0.843972 0.544835 0.797092
0.872738 0.502394 0.816208
0.797461 0.518523 0.829765
0.776723 0.486603 0.753261
0.867456 0.471854 0.718112
0.837186 0.460751 0.741928
0.800473 0.478559 0.763815
0.792598 0.450621 0.77506
0.812663 0.442248 0.745755
0.803999 0.470937 0.780616
0.814672 0.600021 0.81566
0.919746 0.490359 0.791264
1.18725 0.763804 1.20675
0.792401 0.442915 0.782145
0.80308 0.592113 0.820275
0.813971 0.532926 0.844528
1.20834 0.754678 1.12805
1.20277 0.905886 1.07282
0.77362 0.429668 0.706714
0.768553 0.480196 0.694817
0.831832 0.603434 0.782789
0.696291 0.477274 0.669024
0.756317 0.511889 0.760298
0.664426 0.480297 0.705595
0.657781 0.473155 0.630391
0.639944 0.478757 0.624699
0.683336 0.524512 0.649788
0.79754 0.581791 0.751296
0.656783 0.523441 0.636338
0.806355 0.486242 0.643829
0.620316 0.473133 0.614707
0.708184 0.503533 0.585987
0.72404 0.567681 0.703404
0.630104 0.428525 0.585552
0.746001 0.546971 0.624745
0.630385 0.515588 0.622236
0.624198 0.515513 0.689878
0.722957 0.53251 0.698585
0.703873 0.702449 0.751771
0.718412 0.490129 0.569693
0.796689 0.616219 0.754204
0.735045 0.488143 0.633808
0.696923 0.534592 0.71719
0.753098 0.490718 0.650121
0.705637 0.503074 0.61674
0.682672 0.45305 0.628441
0.638482 0.429424 0.635657
0.732166 0.540789 0.705156
0.809327 0.550231 0.701104
0.933798 0.511198 0.713368
0.772248 0.478107 0.698081
0.769203 0.468204 0.728276
0.814957 0.509214 0.720376
0.743607 0.479275 0.706063
0.79832 0.444823 0.721037
0.816331 0.486044 0.686619
0.848914 0.569436 0.737544
0.684715 0.481471 0.663125
1.07765 0.616727 0.662086
0.631759 0.476536 0.67654
0.651795 0.472603 0.622343
0.671889 0.489388 0.677852
0.78506 0.476972 0.61276
0.688081 0.515778 0.792874
0.747563 0.545396 0.773841
0.645813 0.460662 0.652389
0.757223 0.540011 0.711605
0.788411 0.47027 0.659293
0.819904 0.587546 0.636536
0.714256 0.487781 0.716903
0.603614 0.548229 0.585755
0.601912 0.455417 0.597122
0.611492 0.473175 0.664471
0.656173 0.511595 0.642326
0.600529 0.468308 0.576302
0.601506 0.479219 0.561246
0.801934 0.546567 0.591414
0.596924 0.473978 0.604503
0.705868 0.577493 0.784567
0.613971 0.502364 0.580002
0.678445 0.555427 0.699325
0.715281 0.577819 0.726319
0.594087 0.497597 0.565425
0.919454 0.623941 0.641366
0.566793 0.496547 0.542641
0.687789 0.613926 0.542936
0.563454 0.760948 0.619618
0.533401 0.52987 0.573355
0.646191 0.638178 0.605831
0.57726 0.575308 0.569558
0.432899 0.478858 0.422527
0.547162 0.580942 0.579296
0.696284 0.715926 0.597386
0.602754 0.623484 0.565132
0.651398 0.660035 0.516056
0.474573 0.470213 0.441647
0.538784 0.54767 0.586432
0.645835 0.524256 0.495749
0.57848 0.553676 0.585375
0.498269 0.445969 0.500249
0.497655 0.486191 0.53567
0.507559 0.479063 0.526869
0.575421 0.524713 0.532968
0.641849 0.587116 0.616436
0.650302 0.580933 0.59916
0.560218 0.505753 0.566424
0.732563 0.583715 0.671229
0.615225 0.471851 0.572032
0.563964 0.479035 0.593386
0.748409 0.581047 0.796548
0.669169 0.515823 0.616244
0.75172 0.55474 0.609781
0.781459 0.555441 0.71433
0.701623 0.492676 0.670393
0.742083 0.502345 0.629724
0.754932 0.55688 0.746986
0.829077 0.49513 0.645124
0.791488 0.557111 0.686558
0.833487 0.522656 0.710334
0.80093 0.494628 0.740226
0.794594 0.527909 0.73281
1.21856 0.761009 1.21386
0.868106 0.490007 0.868584
0.854504 0.485845 0.868268
0.830593 0.490315 0.833371
0.861728 0.49617 0.863975
0.846421 0.454333 0.849395
0.860945 0.487094 0.901834
0.876139 0.484293 0.771745
0.839224 0.449287 0.863971
0.875612 0.453566 0.905256
1.03029 0.500318 0.902782
0.896016 0.433019 0.886967
0.934864 0.5835 1.27448
0.912159 0.461679 0.875948
0.935703 0.475395 0.93208
0.91621 0.485225 0.818167
0.968106 0.496011 0.923448
0.900586 0.444327 0.870998
0.919721 0.443712 0.889887
0.918224 0.439282 0.903676
0.928427 0.485906 0.91844
0.903122 0.475861 0.908005
0.905173 0.482618 0.878917
0.915619 0.506915 0.944018
0.919763 0.510256 0.800961
0.894319 0.474743 0.871285
0.851836 0.437526 0.917681
1.04155 0.441745 0.861124
0.904167 0.487424 0.845554
0.954802 0.717299 0.904088
0.873012 0.47422 0.834685
0.984915 0.445759 0.85583
0.854073 0.491003 0.872589
0.829811 0.431304 0.828327
0.841228 0.496569 0.759368
0.855511 0.545364 0.843451
0.825102 0.484518 0.785641
0.818153 0.493365 0.790532
0.929886 0.5496 0.8004
0.923663 0.532169 0.863485
0.907202 0.490173 0.740616
0.904506 0.478937 0.719975
0.75645 0.472909 0.686226
0.947135 0.474506 0.732843
0.750787 0.456545 0.750918
0.777873 0.523571 0.762736
0.746966 0.487139 0.775524
0.915917 0.494018 0.778339
0.886942 0.497749 0.81801
0.847053 0.630508 0.81513
0.809073 0.522509 0.786209
0.746663 0.469866 0.697283
0.772774 0.50334 0.755229
0.712006 0.489872 0.702928
0.793808 0.52331 0.848444
0.744682 0.494916 0.734195
0.751134 0.472384 0.729048
0.760805 0.505125 0.771629
0.769186 0.496268 0.765472
1.17925 0.587545 0.804729
0.784931 0.454153 0.78998
0.764066 0.528638 0.717981
0.72106 0.463404 0.695099
0.755916 0.57363 0.777507
0.81522 0.526861 0.801195
0.782575 0.555716 0.780355
0.81213 0.535525 0.834998
0.710064 0.445068 0.74924
0.721245 0.494218 0.744676
0.715925 0.501887 0.690761
0.758282 0.506204 0.749611
0.768171 0.457859 0.692635
0.726451 0.488904 0.76494
0.831214 0.526549 0.787318
0.870553 0.55616 0.764998
0.762972 0.609363 0.716297
0.725219 0.470558 0.727999
0.753737 0.484455 0.725264
0.851526 0.507785 0.788969
0.798159 0.657736 1.00599
0.856727 0.430805 0.785275
0.866963 0.457265 0.776079
0.926077 0.485376 1.08916
0.80957 0.459581 0.758151
0.83367 0.456745 0.82866
0.860282 0.475883 0.855216
0.853842 0.469322 0.823588
0.879853 0.488628 0.884465
0.802143 0.428304 0.904033
0.887998 0.528381 0.872713
0.891613 0.496251 0.859645
0.880852 0.470979 0.848675
0.896096 0.476391 0.854732
0.915246 0.468008 0.871751
0.984592 0.467541 0.873425
0.895325 0.428768 0.933983
0.960965 0.524081 0.829407
1.36617 0.706462 1.2428
1.00758 0.489827 0.912468
1.27053 0.65666 1.00859
0.934763 0.444418 0.894423
1.02394 0.477976 0.900501
0.972019 0.484842 0.840128
0.933466 0.47655 0.883077
0.908494 0.491534 0.880136
0.916456 0.495811 0.907442
0.926555 0.475285 0.884979
0.885692 0.466749 0.86821
0.869709 0.460359 0.854633
0.931221 0.488278 0.862038
0.83602 0.431646 0.870948
0.931063 0.452628 0.87845
0.868523 0.471069 0.86344
0.931707 0.484984 0.872412
0.930833 0.486795 0.879701
0.964967 0.565889 0.904112
0.880736 0.502736 0.900928
0.858995 0.433507 0.877676
0.940187 0.476327 0.944598
0.868234 0.430766 0.853794
0.893765 0.434242 0.854011
0.879715 0.47217 0.847458
0.89027 0.492741 0.881781
0.874615 0.495476 0.904773
0.892481 0.48635 0.871847
0.898425 0.474245 0.848664
0.842364 0.448773 0.84317
1.04102 0.490029 0.901407
0.928549 0.584015 0.8117
0.809546 0.510368 0.845829
0.844789 0.46734 0.808137
0.877418 0.485273 0.866728
0.917665 0.476349 0.893407
0.839497 0.454581 0.884938
0.878053 0.485504 0.849435
0.867917 0.596235 0.850966
0.867928 0.488014 0.867225
0.846374 0.477243 0.801692
0.884657 0.477784 0.809702
0.831829 0.480298 0.820898
0.796814 0.491835 0.826726
0.759157 0.489762 0.937084
0.764924 0.477483 0.743995
0.832203 0.526375 0.716726
0.77213 0.496975 0.746251
0.750956 0.491766 0.744189
0.859049 0.474838 0.712866
0.758566 0.475421 0.769272
0.734256 0.477842 0.740312
0.70003 0.604675 0.737247
0.820453 0.522688 0.74142
0.910565 0.519075 0.664703
0.778431 0.510446 0.726183
0.756955 0.501252 0.686983
0.720237 0.500729 0.687925
0.755188 0.485999 0.704039
0.741908 0.613351 0.672553
0.730382 0.487057 0.709575
0.709532 0.51013 0.698836
0.756141 0.485303 0.711295
0.76628 0.490157 0.706334
0.787671 0.506144 0.757105
0.722151 0.573213 1.04662
0.763951 0.488862 0.695618
0.719517 0.486413 0.751326
0.731936 0.478206 0.687614
0.736357 0.476497 0.748952
0.664513 0.452184 0.677082
0.749728 0.535753 0.734112
0.780741 0.490006 0.705867
0.805314 0.562809 0.744607
0.79547 0.478079 0.716515
0.676553 0.456562 0.650742
0.621319 0.494635 0.584803
0.630502 0.482686 0.657471
0.794659 0.526437 0.695924
0.605687 0.732124 0.688894
0.612575 0.461026 0.577176
0.753142 0.561766 0.565012
0.761699 0.503031 0.579456
0.599754 0.460801 0.597542
0.643768 0.481645 0.587093
0.877125 0.455835 0.581201
0.693274 0.4811 0.644786
0.764124 0.563003 0.667278
0.641068 0.471478 0.619202
0.684275 0.498841 0.625463
0.784293 0.501334 0.677542
0.764711 0.559384 0.752612
0.73418 0.538082 0.70238
0.719727 0.484891 0.655727
0.72055 0.507283 0.631977
0.795475 0.500118 0.725032
0.794823 0.487548 0.720238
0.707918 0.448685 0.738713
0.767926 0.508775 0.785531
0.734802 0.477963 0.742877
0.770142 0.479415 0.762629
0.758578 0.479323 0.703622
0.772305 0.782297 0.758083
0.780219 0.498856 0.802764
0.790324 0.454441 0.703752
0.771283 0.499438 0.731568
0.783339 0.492327 0.714537
0.854304 0.552247 0.65708
0.699364 0.505836 0.687385
0.705585 0.490878 0.678433
0.754062 0.507607 0.671482
1.14951 0.730127 0.750568
0.709457 0.534399 0.666706
0.832473 0.529866 0.731522
0.821871 0.579927 0.803402
0.891123 0.537198 0.723195
0.726977 0.480388 0.709837
0.860083 0.54574 0.868576
0.724085 0.445987 0.782682
0.759471 0.474109 0.77616
1.05241 0.662778 0.865513
0.737279 0.555325 0.740869
0.702374 0.436482 0.716212
0.73104 0.508795 0.754503
1.03071 0.59894 0.749224
0.753963 0.455976 0.709261
0.787933 0.480573 0.753162
0.828917 0.500239 0.785088
0.770474 0.479447 0.722051
0.841961 0.478292 0.766627
0.857623 0.597598 0.785724
0.850131 0.484049 0.857795
0.801062 0.454368 0.812644
0.831032 0.477014 0.831758
0.864019 0.48672 0.82458
0.833498 0.508318 0.820668
0.842293 0.520693 0.818123
0.757651 0.43551 0.937564
0.741117 0.538858 0.734685
0.793454 0.498617 0.721229
0.894136 0.521985 0.80021
0.851806 0.509551 0.674229
0.744001 0.527633 0.749527
0.830146 0.525894 0.799639
0.814068 0.665825 0.749771
0.778468 0.476643 0.71808
0.749034 0.479656 0.667985
0.914921 0.517382 0.71616
0.84658 0.519514 0.697585
0.73704 0.437996 0.684049
0.797622 0.563728 0.7336
0.725508 0.677344 0.710632
0.799641 0.663119 0.608695
0.745285 0.525364 0.703969
0.764981 0.474184 0.644795
0.701262 0.479532 0.71066
0.770913 0.47287 0.906434
0.817329 0.5651 0.710038
0.736504 0.477486 0.706924
0.71527 0.48419 0.687438
0.757674 0.48454 0.723096
0.803566 0.521323 0.704913
0.831729 0.479605 0.723303
0.713894 0.451933 0.702284
0.770489 0.49369 0.772663
0.835343 0.499952 0.798672
0.77162 0.488901 0.793596
0.75828 0.486872 0.778338
0.90116 0.523926 0.7842
0.737904 0.583697 0.747404
0.869466 0.770471 0.798299
0.750989 0.522791 0.726662
0.799885 0.507934 0.747956
0.790855 0.481654 0.699356
0.966497 0.494499 0.724584
0.799462 0.51034 0.796266
0.772419 0.498004 0.770809
0.767722 0.515564 0.783986
0.852933 0.542924 0.862051
0.746429 0.458705 0.717729
0.801168 0.480111 0.72434
0.75516 0.470954 0.779124
0.750238 0.482798 0.74804
0.782588 0.508315 0.75105
0.871766 0.485102 0.706206
0.850883 0.501487 0.69601
0.780329 0.524649 0.704697
1.09803 0.558774 0.780033
0.913252 0.563872 0.741343
0.764076 0.479662 0.730182
0.773977 0.497038 0.778902
0.839069 0.490621 0.799571
0.816581 0.450361 0.788667
0.826597 0.447365 0.82576
0.852136 0.491802 0.845546
0.876571 0.467979 0.850388
0.866509 0.477064 0.974566
0.832888 0.433852 0.886075
0.922593 0.601737 0.887588
0.859462 0.43554 0.881364
0.924256 0.490044 0.860729
0.921206 0.480143 0.884744
0.914871 0.657277 0.87476
0.900371 0.47454 0.824549
0.928646 0.479604 0.830249
0.96075 0.475256 0.901467
0.957414 0.459316 0.9488
0.994152 0.486134 0.911582
1.01943 0.553444 0.926983
0.902413 0.448995 0.897984
0.988328 0.554986 0.885822
0.897894 0.591289 0.872969
1.04979 0.505326 0.889093
0.93629 0.543728 0.890887
0.88383 0.470577 0.86268
1.22369 0.612565 0.840023
0.8432 0.440299 0.848809
0.898312 0.53862 0.852206
0.782634 0.492907 0.752438
0.790059 0.485525 0.782769
0.804615 0.596964 0.76823
0.733379 0.493996 0.739704
0.755752 0.515434 0.69255
0.775103 0.476551 0.724401
0.743772 0.475412 0.742746
0.743279 0.503829 0.708883
0.734695 0.49266 0.732122
0.903039 0.489933 0.756405
0.743603 0.514017 0.800033
0.903168 0.6099 0.783636
0.718286 0.454636 0.704039
0.705667 0.450333 0.703977
0.798773 0.49306 0.741113
0.90365 0.559283 0.809766
0.860848 0.48046 0.693606
0.72897 0.477076 0.703344
0.7385 0.48736 0.705962
0.766519 0.460975 0.737085
0.737514 0.486772 0.773206
0.737888 0.465015 0.742562
0.786158 0.50524 0.716079
0.827759 0.548411 0.725657
0.86174 0.558063 0.813289
0.750645 0.61443 0.729414
0.83327 0.513873 0.762234
0.783674 0.521805 0.749011
0.71956 0.483674 0.666804
0.818354 0.511811 0.702919
0.936291 0.541982 0.672749
0.697682 0.487297 0.667045
0.702441 0.491815 0.721956
0.737525 0.644808 0.763899
0.696471 0.713872 0.727154
0.780521 0.494134 0.72203
0.796497 0.487719 0.680963
0.759101 0.551552 0.770407
0.728489 0.483323 0.613267
0.63445 0.50296 0.621531
0.77611 0.518587 0.648197
0.860477 0.645459 0.661689
0.824454 0.557199 0.578876
0.723041 0.547234 0.645516
0.836836 0.578061 0.587144
0.634395 0.487235 0.581651
0.60654 0.481825 0.634248
0.666122 0.514328 0.684631
0.668775 0.472864 0.646913
0.873224 0.616797 0.690145
0.759208 0.588775 0.719221
0.816172 0.490927 0.654369
0.911296 0.527542 0.723516
0.679143 0.461878 0.670656
0.756803 0.49329 0.644715
0.838999 0.592398 0.711388
0.857514 0.607826 0.724208
0.777112 0.539597 0.61661
0.7325 0.478058 0.673219
0.713127 0.602104 0.860322
0.7859 0.454036 0.759601
0.994844 0.498046 0.765903
1.11077 0.704755 1.02503
0.772674 0.478971 0.750428
0.93475 0.496365 0.789195
0.91707 0.507907 0.807213
0.852714 0.513263 0.808533
0.81601 0.47218 0.824383
0.879658 0.455242 0.76648
0.85795 0.504443 0.837545
0.851413 0.468411 0.825956
0.84389 0.471935 0.836125
0.881965 0.590307 0.860151
0.884052 0.483134 0.821385
0.884332 0.504214 0.885659
0.933944 0.480252 0.905342
0.966073 0.481503 0.867188
1.01798 0.43963 0.934829
0.932757 0.482225 0.931349
0.920705 0.496579 0.981992
0.982631 0.485375 0.946386
0.964259 0.441821 0.925486
0.949722 0.490036 0.905936
0.981701 0.480247 0.92624
0.981173 0.674087 0.938298
0.982088 0.515249 0.981357
0.997433 0.459155 0.951098
0.994766 0.499723 0.934382
0.952602 0.438203 1.00285
1.00841 0.452531 1.00151
1.00054 0.436771 1.00272
1.0016 0.485903 0.912923
0.941182 0.451801 0.921916
0.968379 0.470526 0.919893
0.948302 0.482828 0.918502
0.975107 0.483253 0.917153
1.07414 0.579913 0.888242
0.981006 0.481474 0.907487
0.987165 0.481474 0.872382
0.941277 0.476335 0.904573
0.955865 0.452309 0.901152
0.998493 0.482534 0.907044
1.00742 0.493586 0.942675
0.953888 0.475118 0.856502
0.976563 0.4866 0.914897
0.956338 0.518681 0.965537
0.885529 0.48281 0.853816
0.91475 0.474096 0.889085
0.867107 0.490676 0.87714
0.904412 0.476872 0.877509
0.858017 0.478163 0.87621
0.891726 0.530667 0.813742
0.868247 0.48376 0.883362
0.888069 0.466115 0.826743
1.28152 0.747409 1.03308
0.878355 0.510593 0.784527
0.875961 0.466351 0.878595
0.927024 0.476886 0.833717
0.86715 0.461856 0.838047
0.898645 0.473239 0.842312
0.837434 0.438327 0.811199
0.927005 0.484018 0.873239
0.998385 0.468374 0.895732
1.30757 0.572697 1.15491
0.880321 0.481696 0.891766
0.909256 0.484972 0.912414
0.915566 0.635205 0.891199
0.99568 0.474594 0.875645
0.96137 0.453598 0.915109
1.00419 0.462343 0.856161
0.892968 0.445371 0.863208
0.862794 0.431634 0.856185
0.96932 0.515208 0.850291
0.863992 0.48964 0.809552
0.847284 0.640538 0.821923
1.05145 0.492327 0.848664
0.791024 0.432845 0.85756
0.823391 0.52145 0.774273
0.903073 0.497647 0.731513
0.775985 0.469088 0.724902
0.745664 0.481405 0.709988
0.782023 0.474529 0.699424
0.720977 0.474419 0.681828
0.710589 0.599542 0.643333
0.809505 0.532481 0.674208
0.795805 0.555447 0.753254
0.824578 0.569633 0.740594
0.691367 0.489908 0.708717
0.874405 0.61227 0.687972
0.707486 0.483739 0.655013
0.766064 0.650267 0.720853
0.743046 0.47046 0.670927
0.876581 0.543358 0.648245
0.700806 0.492005 0.657972
0.841139 0.528461 0.782105
0.793541 0.511474 0.66653
0.786745 0.457683 0.659178
0.775785 0.509683 0.718548
0.794405 0.674946 0.678003
0.734867 0.503067 0.81172
0.737417 0.518805 0.716977
0.752566 0.507161 0.727826
0.882335 0.504403 0.751441
0.779758 0.505794 0.73215
0.830887 0.5242 0.788015
0.775085 0.470837 0.771458
0.851757 0.58654 0.788975
0.834239 0.505258 0.817406
0.839388 0.512761 0.968263
0.972683 0.527383 0.851948
1.03625 0.498887 0.862992
0.865226 0.470756 0.847008
0.849078 0.450661 0.812488
0.952132 0.497085 0.82867
0.910757 0.499083 0.881382
0.933843 0.43182 0.869872
0.914838 0.49526 0.855042
0.931799 0.543482 0.855718
0.913739 0.488865 0.858406
0.97398 0.49176 0.915013
0.918381 0.480628 0.915262
0.880498 0.454715 0.88821
0.921028 0.454132 0.879242
1.03158 0.497414 0.90852
0.923241 0.707449 0.913291
0.925862 0.451223 0.879533
0.851232 0.466707 0.874588
0.910285 0.454069 0.897979
0.913613 0.451132 0.911969
0.880749 0.476991 0.894308
0.885345 0.469101 0.779064
0.896061 0.480416 0.847899
0.821733 0.458906 0.826457
0.90574 0.485363 0.80398
0.797319 0.482066 0.83479
0.994432 0.46881 0.876449
0.85349 0.513152 0.811787
0.92745 0.597983 0.832808
0.793315 0.468449 0.788162
0.83874 0.473753 0.797071
0.889065 0.487625 0.786299
0.801077 0.472901 0.787986
0.833033 0.479428 0.7588
0.81315 0.567742 0.761129
0.806394 0.510876 0.757165
0.778191 0.487979 0.697394
0.727022 0.601979 0.69977
0.765465 0.511885 0.740702
0.696409 0.454617 0.659367
0.676381 0.451318 0.715428
0.817323 0.577032 0.788325
0.694337 0.483882 0.628136
0.735554 0.561519 0.760377
0.640437 0.492109 0.661199
0.863202 0.829277 0.646972
0.755237 0.536113 0.618305
0.78716 0.540253 0.673218
1.03954 0.659149 0.693192
0.571496 0.474504 0.577935
0.586093 0.451861 0.580233
0.556494 0.485892 0.582033
0.686691 0.57393 0.638729
0.553639 0.483491 0.582265
0.71002 0.482383 0.539972
0.601832 0.475954 0.567456
0.733876 0.538909 0.716
0.760466 0.570233 0.704457
0.662239 0.483135 0.644024
0.602822 0.469328 0.578942
0.791835 0.476497 0.573615
0.882938 0.634053 0.729574
0.591291 0.478505 0.566028
0.702851 0.637982 0.834881
0.63155 0.502681 0.592011
0.964136 0.850964 0.660484
0.553779 0.460963 0.539146
0.600019 0.488936 0.588193
1.22275 1.0585 1.11834
1.1689 0.872087 1.12794
0.685755 0.527509 0.575338
0.629398 0.553411 0.604006
0.95062 0.820813 0.849445
0.769964 0.510168 0.741085
0.762312 0.496419 0.703724
0.777682 0.501624 0.779043
0.825349 0.534234 0.719757
0.849711 0.469348 0.706459
0.759456 0.499688 0.682191
0.767577 0.513112 0.703752
0.765382 0.615682 0.711209
0.765445 0.487718 0.701135
0.734091 0.50495 0.732405
0.792134 0.617109 0.764609
0.833151 0.592551 0.752684
0.713647 0.609044 0.683521
0.894423 0.495842 0.665841
0.694002 0.490107 0.662083
0.688221 0.552315 0.704021
0.736212 0.577274 0.845486
0.818121 0.540211 0.642208
0.829329 0.665944 0.811365
0.684668 0.501283 0.714806
0.750095 0.532362 0.674179
0.773136 0.558372 0.677963
0.942875 0.588577 0.759664
0.806492 0.566087 0.714253
0.737195 0.50697 0.683011
0.739632 0.492823 0.69644
0.725104 0.494787 0.691443
0.729985 0.486585 0.710791
0.761086 0.517129 0.749058
0.776734 0.526024 0.851329
0.736047 0.472645 0.724215
0.801759 0.495935 0.731933
0.864601 0.48823 0.782116
0.820517 0.4494 0.782619
0.82538 0.47716 0.786486
0.825839 0.435221 0.793167
0.838014 0.47332 0.773907
0.847695 0.480883 0.779795
0.873292 0.565084 0.856137
0.845051 0.501338 0.77993
0.855627 0.492745 0.823816
0.84487 0.444788 0.741089
0.797611 0.721618 0.796505
0.770307 0.472302 0.78706
0.818124 0.492771 0.740343
0.871901 0.492685 0.784563
0.879238 0.493901 0.7992
1.1413 0.547555 0.753069
0.759671 0.491925 0.712001
0.843643 0.479435 0.776106
0.844562 0.570367 0.833845
0.74919 0.494794 0.720034
0.738701 0.484907 0.694391
0.942219 0.547344 0.748155
0.717881 0.483551 0.689549
0.73768 0.500098 0.70714
0.716574 0.480833 0.664498
0.695076 0.481523 0.703165
0.883171 0.549725 0.811752
0.798905 0.478059 0.651909
0.699184 0.460396 0.628807
1.02844 0.757672 0.954226
1.02094 0.812189 0.934596
0.786736 0.606195 0.689244
0.701337 0.438753 0.676628
0.645703 0.486265 0.60545
0.904582 0.529969 0.656195
0.672313 0.505352 0.600295
0.760613 0.567905 0.81934
0.763611 0.476748 0.604206
0.847068 0.44058 0.616599
0.686677 0.461543 0.63417
0.792302 0.554032 0.752156
0.707313 0.486769 0.627864
0.933828 0.585681 0.671946
0.860685 0.590128 0.818798
0.686859 0.498855 0.63762
1.0669 0.855192 1.01811
0.700001 0.47619 0.640798
1.02886 0.559879 0.655573
0.816068 0.486105 0.682651
0.677216 0.490907 0.641849
0.835075 0.554331 0.658136
0.874785 0.610456 0.699115
0.739492 0.549872 0.713579
1.07832 0.450542 0.728722
1.2627 0.834445 1.19385
0.946327 0.546101 0.8098
0.891162 0.453473 0.782614
0.8527 0.599809 1.01731
0.840192 0.484846 0.822182
0.841537 0.49315 0.795834
0.839689 0.717295 0.754289
0.818713 0.526781 0.770398
0.838382 0.5294 0.826426
0.872836 0.596724 0.775504
0.751373 0.514516 0.695696
0.943628 0.5782 0.688651
1.07336 0.53991 0.688751
0.818017 0.573826 0.681309
0.698096 0.537788 0.666265
0.725351 0.514823 0.641361
0.741484 0.726972 0.717016
0.777725 0.586156 0.687379
0.744612 0.649567 0.734163
0.636405 0.5113 0.572568
0.768795 0.528837 0.617311
0.729668 0.616812 0.711191
0.777071 0.534099 0.616717
0.791691 0.636236 0.616117
0.637316 0.499419 0.601486
0.71913 0.580622 0.621628
0.646167 0.616095 0.601381
0.672906 0.513949 0.634914
0.801171 0.529225 0.734331
0.729351 0.517302 0.643792
1.08665 0.72721 0.991006
0.735671 0.534658 0.749488
0.779423 0.565705 0.766929
0.759181 0.499185 0.735844
0.735593 0.506069 0.733994
0.726679 0.493291 0.746823
0.788981 0.512926 0.768836
0.754813 0.510549 0.724392
0.970483 0.550046 0.933675
0.914751 0.52619 0.776806
0.83887 0.524552 0.837105
0.897454 0.547873 0.798091
0.802894 0.514098 0.728324
0.745619 0.582956 0.703389
1.09535 0.776991 0.954038
0.737972 0.552041 0.75033
1.07618 0.795704 1.03216
0.777515 0.635163 0.672367
1.09775 0.728432 0.855264
0.734078 0.549489 0.74121
0.705502 0.506854 0.726275
0.725513 0.503296 0.684156
0.85341 0.464879 0.711568
0.810022 0.571618 0.794919
0.710602 0.475084 0.700231
0.809463 0.550078 0.718879
0.811676 0.752827 0.738055
0.812701 0.524966 0.743043
0.819763 0.473617 0.75158
0.754875 0.47552 0.711836
0.783779 0.493796 0.767167
0.740617 0.469509 0.71076
0.740944 0.49526 0.773336
0.738854 0.480557 0.771148
0.710931 0.452486 0.755725
0.741227 0.475702 0.729746
0.729702 0.47817 0.67291
0.826798 0.547119 0.90855
0.716302 0.484447 0.760737
0.934484 0.603577 0.679891
0.891167 0.5474 0.695146
1.07811 1.03088 1.06903
0.73054 0.484737 0.746428
0.71054 0.477236 0.668913
0.710438 0.497405 0.675817
0.804987 0.47611 0.697568
1.06653 0.664716 0.693985
0.877316 0.557305 0.815246
0.796807 0.481141 0.70477
0.817171 0.566458 0.781328
0.799497 0.487508 0.78507
0.740959 0.510678 0.704274
0.77962 0.542834 0.693882
0.869024 0.468299 0.704506
0.741524 0.471984 0.757575
0.744757 0.484448 0.712352
0.856726 0.520022 0.716078
0.772967 0.531468 0.757713
0.820542 0.477606 0.911678
0.791966 0.514762 0.695972
0.74077 0.50606 0.765074
0.728958 0.492297 0.748062
0.741709 0.47374 0.707459
0.747825 0.558622 0.792099
0.717472 0.517378 0.682145
0.656407 0.488058 0.662427
0.689943 0.513542 0.64239
0.624264 0.482012 0.578207
0.611148 0.551625 0.590253
0.583982 0.488275 0.543364
0.646756 0.523459 0.622463
0.625052 0.649793 0.521141
0.540708 0.485592 0.516679
0.569645 0.5081 0.53472
0.698195 0.632516 0.543562
0.599143 0.542824 0.572508
0.630771 0.985303 0.652641
0.582274 0.737612 0.558247
0.581796 0.529047 0.6898
0.648573 0.579599 0.642934
0.540052 0.514426 0.500153
0.6057 0.540276 0.572384
0.669199 0.60337 0.498887
0.703369 0.509142 0.560714
0.558879 0.487432 0.524574
0.596041 0.487947 0.594968
0.562356 0.626499 0.543298
0.669316 0.50698 0.551676
0.613652 0.461923 0.573773
0.772038 0.547104 0.640145
0.800836 0.667552 0.649064
0.640694 0.491895 0.597796
0.852498 0.545622 0.615239
0.66596 0.47943 0.618568
0.858984 0.484687 0.667831
0.783619 0.564158 0.757926
0.815917 0.555409 0.735721
0.698886 0.487329 0.663478
0.722035 0.551731 0.665546
0.807855 0.511893 0.693634
0.752731 0.523509 0.711771
0.784658 0.481886 0.773636
0.961381 0.621222 0.777986
0.827747 0.464752 0.767366
0.802817 0.502637 0.77352
0.812735 0.477455 0.798511
0.900631 0.520745 0.831362
0.820052 0.462643 0.761358
0.866656 0.486146 0.786656
0.844127 0.45659 0.810578
0.836108 0.480161 0.819935
0.823285 0.503783 0.778162
0.835656 0.49168 0.768463
0.821381 0.543381 0.825573
0.853568 0.49212 0.791684
0.832013 0.480493 0.833441
0.912118 0.474337 0.793231
0.955203 0.496248 0.830245
0.952778 0.485467 0.837675
0.901715 0.487213 0.847741
0.848523 0.47067 0.86213
0.852534 0.471088 0.842061
0.907167 0.506125 0.910967
0.893387 0.531633 0.892383
0.915519 0.641 0.996289
0.943235 0.462987 0.873641
0.898523 0.784706 0.894448
0.923824 0.501969 0.865452
0.938657 0.475027 0.848996
0.952054 0.478644 0.876756
0.890091 0.452641 0.87048
0.960624 0.480804 0.868407
0.891703 0.444985 0.848917
0.929947 0.481754 0.913124
1.01821 0.496167 0.957727
0.980857 0.481923 0.898351
1.0524 0.438409 0.910569
0.951427 0.47964 0.965996
0.968132 0.482548 0.908423
0.978955 0.481386 0.919762
1.0169 0.513127 0.929639
1.03232 0.458569 0.935241
0.937652 0.45219 0.949619
1.02426 0.551184 1.01081
1.11001 0.502585 0.996118
1.03123 0.503538 1.00748
1.02081 0.495743 1.00427
0.985465 0.584568 0.930745
0.987003 0.491984 0.883044
0.994171 0.5178 0.985869
0.95653 0.454315 1.01203
0.959457 0.514279 0.855711
1.02739 0.459779 0.918264
0.981212 0.514109 1.13162
1.01281 0.486256 0.979528
0.963132 0.475989 0.996297
0.983753 0.470803 0.910634
1.46011 0.490246 0.918153
0.988054 0.481416 0.901445
1.01672 0.506572 0.87345
1.55663 0.864356 0.967941
0.920082 0.447834 0.941308
0.980174 0.490572 0.980234
0.931783 0.479747 0.909144
0.967696 0.487141 0.966232
0.959642 0.480457 0.91158
1.00177 0.470309 0.907203
0.997344 0.60004 0.907379
0.960583 0.500401 0.871684
0.91439 0.503653 0.916406
0.864631 0.485134 0.895542
0.829979 0.45248 0.794924
0.839083 0.506952 0.847688
0.890337 0.530905 0.921203
0.879841 0.552764 0.733033
0.783942 0.490473 0.746736
0.809634 0.834112 0.752504
0.791006 0.479966 0.736967
0.799912 0.510131 0.838845
0.920727 0.568304 0.867231
0.771086 0.478912 0.734187
0.93602 0.571833 0.750496
0.77333 0.450293 0.71913
0.764348 0.494435 0.708201
0.886296 0.628934 0.743864
0.867904 0.559041 0.795392
0.791542 0.520978 0.691259
0.719458 0.500183 0.681919
0.701903 0.50116 0.655948
0.798019 0.513889 0.614938
0.872112 0.57429 0.645575
0.840883 0.595803 1.02225
0.668149 0.477255 0.625629
0.720124 0.505114 0.616831
0.713703 0.544812 0.72194
0.884758 0.625421 0.595478
0.712142 0.690128 0.667866
0.609912 0.494643 0.632367
0.756755 0.78213 0.67131
0.617746 0.46904 0.590126
0.626679 0.483589 0.580739
0.916264 0.74528 0.627974
0.63561 0.496525 0.609022
0.7816 0.520429 0.637416
0.786486 0.599097 0.674667
0.781919 0.584196 0.691025
0.718079 0.537108 0.683438
0.675422 0.630597 0.653568
0.920411 0.619673 0.707295
0.864757 0.642304 0.825649
0.755009 0.493293 0.713226
0.826912 0.588309 0.852563
0.734964 0.593896 0.814489
0.691728 0.516732 0.71205
0.852974 0.501105 0.678684
0.800612 0.61604 0.763621
0.771671 0.500229 0.712549
0.761161 0.483481 0.731863
0.800142 0.51387 0.769265
0.783695 0.481114 0.878788
0.815904 0.449776 0.785939
0.904508 0.510231 0.774997
0.809584 0.456767 0.743107
0.780764 0.455537 0.787289
0.796034 0.47633 0.79817
0.893219 0.457261 0.786266
0.882853 0.831837 0.797663
0.843093 0.477408 0.771458
0.880116 0.505508 0.84063
0.891443 0.499373 0.838799
0.803652 0.436889 0.8331
0.881934 0.503846 0.822872
0.838024 0.5832 0.795954
0.892154 0.488101 0.780933
0.799858 0.494155 0.802926
0.778721 0.495588 0.712865
0.88591 0.570151 0.719466
0.734387 0.490189 0.758229
0.822595 0.488975 0.738742
0.799124 0.515001 0.830286
0.90779 0.475843 0.737941
0.743556 0.478773 0.712079
0.797781 0.487427 0.733846
0.918063 0.566592 0.845226
0.799731 0.478015 0.714009
0.735707 0.509539 0.959595
0.820663 0.524473 0.781984
1.1524 0.718643 1.02057
1.07305 0.676948 1.05944
0.845516 0.546919 0.800298
0.814308 0.528037 0.76579
0.827491 0.429468 0.701918
0.722358 0.537485 0.656553
0.707016 0.47589 0.672722
0.748508 0.473726 0.724813
0.842055 0.61427 0.725745
1.05962 0.62326 0.692366
0.852208 0.605269 0.707472
0.685662 0.488593 0.640322
0.736223 0.506821 0.65872
0.776509 0.496596 0.619223
0.599857 0.472473 0.545199
0.623435 0.491252 0.567448
0.599016 0.464729 0.545311
0.812731 0.503416 0.56482
0.583841 0.491702 0.548695
0.704596 0.537747 0.646948
0.636 0.439404 0.625383
0.91779 0.617696 0.665634
0.627386 0.448812 0.65703
0.732432 0.49042 0.624447
0.678406 0.479569 0.652133
0.703694 0.487804 0.618935
0.6883 0.504148 0.651322
0.771982 0.579096 0.6642
0.7114 0.480676 0.624849
0.775703 0.870889 0.657276
0.717758 0.443272 0.71957
0.731806 0.481431 0.725613
0.678206 0.481362 0.643036
0.73264 0.502609 0.71025
0.847526 0.469372 0.708012
0.770988 0.487985 0.740374
1.20399 0.8624 1.16894
0.754468 0.590172 0.750849
0.799237 0.463799 0.774253
0.742625 0.475097 0.754103
0.760217 0.467108 0.724431
0.814157 0.470614 0.728917
0.73477 0.472041 0.705732
0.784776 0.477189 0.675465
0.749053 0.474976 0.66991
0.71156 0.472319 0.738623
0.759167 0.640808 0.714477
0.708909 0.475307 0.657885
0.764721 0.495291 0.717978
0.819736 0.54729 0.76764
0.759664 0.478678 0.755142
0.770883 0.481053 0.77469
0.864937 0.652892 0.773491
0.769336 0.470155 0.776537
0.78488 0.475344 0.885242
0.963997 0.516344 0.719985
0.787596 0.49363 0.77794
0.82122 0.506027 0.773917
0.820751 0.501764 0.773617
0.799179 0.493038 0.774015
0.800434 0.474051 0.729611
0.900798 0.474238 0.786723
0.871484 0.475087 0.756123
0.874851 0.477567 0.842442
0.846399 0.477016 0.812862
0.858904 0.489077 0.859798
0.871097 0.492322 0.810363
0.776525 0.651938 0.74827
0.769367 0.454399 0.785613
0.84103 0.512672 0.787529
0.74716 0.4529 0.719831
1.00618 0.545074 0.785303
0.944805 0.497109 0.771812
0.705802 0.560421 0.769318
0.766869 0.488402 0.772248
0.936357 0.536914 0.732891
0.807995 0.503887 0.722747
0.744489 0.428308 0.786059
0.786605 0.485278 0.754726
0.809318 0.83735 0.763361
0.738438 0.477243 0.748161
0.712347 0.495945 0.722509
0.80126 0.566191 0.709615
0.695783 0.456387 0.693502
0.925112 0.526636 0.749577
0.907987 0.615605 0.6716
0.75043 0.481963 0.703759
0.765831 0.485148 0.680883
0.846689 0.447235 0.734092
0.767174 0.520574 0.681723
0.747355 0.491077 0.690723
0.80213 0.443033 0.693484
0.73321 0.462844 0.659837
0.778248 0.520248 0.742828
0.761787 0.483134 0.762448
0.862431 0.556906 0.827086
0.827507 0.503754 0.801115
0.747611 0.496672 0.770135
0.783849 0.459996 0.704127
0.775796 0.515172 0.781499
0.723369 0.48381 0.695125
0.805296 0.551517 0.707415
0.875088 0.557848 0.719518
0.931533 0.484084 0.71295
0.781424 0.495243 0.76593
0.767524 0.492024 0.713298
0.766863 0.493314 0.7142
0.788186 0.465586 0.733987
0.734081 0.486106 0.70784
0.751651 0.51597 0.716247
0.780382 0.555506 0.705094
0.745207 0.508858 0.748549
0.726084 0.54966 0.742654
0.756968 0.515769 0.744968
0.756444 0.623408 0.721815
0.742952 0.52471 0.765732
0.729086 0.47352 0.76185
0.755101 0.622525 1.00019
0.888555 0.53636 0.801499
0.793729 0.479534 0.737124
0.866159 0.485725 0.804402
0.819169 0.44502 0.829047
0.867518 0.498312 0.910707
0.848567 0.476417 0.859427
0.893832 0.489541 0.803383
0.888075 0.472581 0.816311
0.894619 0.61267 0.833457
0.911468 0.459573 0.827167
0.956537 0.509668 0.875427
1.01575 0.831599 0.917137
0.961538 0.492003 0.983013
0.930842 0.458372 0.906941
0.965888 0.549638 0.905837
1.20081 0.683898 1.32676
1.42849 0.89933 1.30706
1.01359 0.500562 0.942078
0.892203 0.46258 0.906308
0.981616 0.484335 0.811085
0.896486 0.487705 0.874773
1.2682 0.695517 1.22041
0.940683 0.50977 0.858182
0.865359 0.477905 0.79395
0.881138 0.523756 0.814201
0.831041 0.524123 0.805172
0.748471 0.461113 0.750448
0.880095 0.474832 0.72563
0.87611 0.48265 0.675663
0.730989 0.470738 0.718875
0.718102 0.485191 0.646672
0.72515 0.627583 0.747921
0.7441 0.496288 0.740482
0.739357 0.456921 1.03786
0.741362 0.456516 0.738223
0.864505 0.554885 0.814694
0.826271 0.506666 0.735642
0.747512 0.478904 0.745331
0.792293 0.618867 0.70942
0.896108 0.552908 0.739209
0.808805 0.475636 0.753879
0.776359 0.597428 0.716796
0.791795 0.50456 0.746809
0.839021 0.479383 0.712953
0.759069 0.477976 0.707917
0.808805 0.4838 0.737728
0.822025 0.519882 0.747616
0.968696 0.53501 0.69906
0.747864 0.548049 0.824467
0.850019 0.440333 0.660228
0.859125 0.913956 0.795764
0.841485 0.707433 0.793168
0.734252 0.496587 0.741585
0.807636 0.536009 0.715175
0.730124 0.560504 0.737186
0.689566 0.48156 0.669389
0.913166 0.583009 0.67943
0.684646 0.458934 0.632951
0.718826 0.530278 0.719885
0.646755 0.481455 0.648365
0.763732 0.47657 0.657171
0.780427 0.910347 0.647898
0.742044 0.564191 0.70303
0.663134 0.484257 0.583624
0.714372 0.48388 0.580397
0.627005 0.482067 0.585712
0.640706 0.486624 0.575702
0.826109 0.607825 0.631443
0.851112 0.589806 0.59034
0.660386 0.487911 0.618239
0.919106 0.672726 0.890809
0.912559 0.675369 0.902289
0.693564 0.515239 0.63239
0.681727 0.492945 0.68493
0.674232 0.472359 0.693304
0.691579 0.489801 0.679808
0.767134 0.532771 0.691106
1.11631 0.809527 0.943094
0.735188 0.508354 0.70329
0.697467 0.430395 0.698449
0.734401 0.5051 0.703647
0.82922 0.53878 0.710017
0.720227 0.447198 0.763268
0.817348 0.52216 0.779798
1.08984 0.823814 1.11837
0.811758 0.594335 0.780505
0.846317 0.4802 0.818251
0.839617 0.500245 0.837449
0.821943 0.475799 0.758604
0.831597 0.483734 0.78077
0.898273 0.481418 0.769604
0.896094 0.491695 0.796559
0.847659 0.493374 0.824444
0.865617 0.615274 0.839741
0.821784 0.443949 0.813395
0.908417 0.470808 0.841786
0.915782 0.494449 0.905796
0.84508 0.580121 1.12295
0.940826 0.472468 0.872124
0.926028 0.484502 0.875174
0.947765 0.488284 0.924638
0.956595 0.548431 0.951848
0.890951 0.430334 0.83819
0.958011 0.476764 0.904197
0.93297 0.443115 0.901016
1.03715 0.492145 0.90474
0.978237 0.43741 0.92278
0.99832 0.555791 0.934768
0.998391 0.45954 0.93695
1.01526 0.434409 0.948263
0.954296 0.433382 0.962033
1.53497 1.49291 1.43562
1.08722 0.508641 0.98553
1.04119 0.490836 0.963788
1.36651 0.613222 1.15541
1.0477 0.438729 0.981113
1.07283 0.481206 1.01013
1.10114 0.484271 1.01543
1.0671 0.71275 1.20753
1.07307 0.487272 0.99295
1.23864 0.538277 1.38195
1.11893 0.450569 1.04088
1.06946 0.474611 1.01047
1.062 0.477711 0.994377
1.13696 0.539705 0.990592
1.08567 0.51506 1.29224
1.05166 0.470771 0.994738
1.03515 0.450922 0.976756
1.07273 0.484888 1.00226
1.0279 0.441277 1.02814
1.00852 0.453589 0.97745
1.0412 0.476849 1.03911
1.03997 0.460657 0.995001
1.09271 0.483058 0.97276
1.08943 0.491035 0.996482
1.06563 0.484475 0.976104
1.05798 0.479387 0.950751
0.989939 0.450539 0.953654
0.996959 0.48277 0.94085
0.934191 0.474388 0.931407
0.963259 0.473331 0.881762
0.936462 0.482375 0.888691
0.905442 0.471804 0.915864
0.871151 0.482682 0.809231
1.25805 0.834651 1.21955
0.785047 0.484262 0.742913
0.777211 0.481334 0.733462
0.735883 0.47799 0.751147
0.759556 0.50215 0.69795
0.730043 0.530993 0.741979
0.777171 0.603043 0.653096
0.948627 0.997895 0.995035
0.723027 0.49098 0.670331
0.690776 0.530593 1.4491
0.794813 0.51981 0.694153
0.697296 0.479816 0.639582
0.653178 0.480987 0.602605
0.685926 0.500399 0.668815
0.654476 0.498885 0.667607
0.77357 0.578087 0.610826
0.687382 0.518611 0.656716
0.686024 0.892472 0.633652
0.78615 0.598387 0.757955
0.714471 0.521135 0.603627
0.722026 0.542823 0.656386
0.694772 0.545331 0.627933
0.770338 0.50666 0.583996
0.742944 0.534397 0.630753
0.6709 0.483014 0.584333
0.672245 0.537595 0.607631
0.808789 0.536235 0.581702
0.608739 0.475777 0.630271
0.763779 0.70419 0.696053
0.814785 0.610979 0.617945
0.791314 0.582586 0.815495
0.765203 0.52912 0.727033
0.712492 0.493888 0.72522
0.763877 0.493656 0.783708
0.914697 0.565153 0.776221
0.810757 0.520902 0.746569
0.706393 0.556127 0.746821
0.73779 0.573099 0.704231
0.702882 0.502602 0.678465
0.914487 0.626719 0.656255
0.842154 0.528607 0.67528
0.726877 0.501256 0.705954
0.747978 0.512203 0.743506
0.910187 0.51287 0.71141
0.879648 0.464108 0.682887
0.855344 0.494086 0.749602
0.867925 0.571588 0.848856
0.751584 0.493375 0.753633
0.842519 0.47288 0.71025
0.681891 0.489587 0.690006
0.625624 0.61237 0.789806
0.717827 0.667041 0.742581
0.642557 0.489707 0.745635
0.659564 0.491961 0.67313
0.864668 0.506697 0.645594
0.813406 0.597929 0.804268
0.7707 0.50521 0.611895
0.659158 0.474955 0.657327
0.741785 0.478586 0.657159
0.821724 0.569548 0.717226
0.739719 0.496317 0.757668
0.785741 0.507054 0.733318
0.803975 0.49846 0.771926
1.13825 0.680436 1.07373
0.819595 0.506032 0.744398
0.748311 0.446659 0.740633
0.787302 0.495677 0.722758
0.756612 0.900672 0.781454
0.800853 0.460252 0.701029
0.753778 0.483007 0.718504
0.734134 0.480517 0.709116
0.795655 0.512817 0.743445
0.711866 0.44922 0.705027
0.729439 0.584724 0.752295
0.820412 0.551218 0.770391
0.70902 0.490257 0.679115
0.67695 0.487011 0.705546
0.636806 0.479939 0.603078
0.778713 0.587662 0.735018
0.615483 0.475819 0.590798
0.640846 0.513198 0.61126
0.746748 0.501361 0.573041
0.605222 0.476758 0.570897
0.604298 0.460744 0.723407
0.730056 0.520566 0.64995
0.956808 0.6044 0.692894
0.743134 0.559628 0.690545
0.666273 0.496447 0.608082
0.761107 0.545766 0.776687
0.733739 0.520954 0.739883
0.766127 0.4769 0.719226
0.875784 0.515714 0.757433
0.849584 0.506311 0.743315
0.786214 0.482485 0.755822
0.864398 0.487517 0.770021
0.795585 0.478955 0.806385
0.843424 0.483073 0.764924
0.77125 0.480878 0.785031
0.924886 0.563327 0.815493
0.887452 0.551985 0.858679
0.73646 0.452215 0.764938
0.815824 0.496254 0.809952
0.731875 0.481323 0.697972
0.712405 0.47521 0.659493
0.715483 0.655559 0.644545
0.686807 0.508871 0.636548
0.80496 0.490959 0.618828
0.76787 0.562664 0.637461
0.66486 0.660866 0.633883
0.658067 0.488868 0.597046
0.79232 0.567846 0.667242
0.666693 0.543333 0.6646
0.739253 0.598439 0.647497
0.74369 0.478089 0.641729
0.706595 0.483427 0.665247
0.679837 0.51933 0.735707
0.861367 0.477385 0.676445
0.706218 0.924526 0.74619
0.733667 0.490892 0.720231
0.76623 0.491346 0.679488
0.818182 0.546778 0.836267
0.732752 0.452738 0.727052
0.775708 0.476755 0.690319
0.886203 0.499952 0.669442
0.79152 0.511246 0.661283
0.732673 0.509408 0.676606
0.737562 0.484444 0.671167
0.847501 0.48464 0.651598
0.694102 0.591208 0.661465
0.69644 0.611722 0.71199
0.708035 0.485065 0.659368
0.700831 0.489519 0.666818
0.667991 0.467406 0.654131
0.754683 0.450713 0.631414
0.642762 0.473784 0.646957
0.6379 0.495742 0.567014
0.655536 0.472988 0.608462
0.630757 0.47735 0.636519
0.806219 0.491979 0.649139
0.625041 0.466083 0.598905
0.617629 0.446257 0.605164
0.709829 0.50808 0.615202
0.758683 0.508392 0.621158
0.756142 0.486645 0.640389
0.747093 0.470777 0.68816
0.716278 0.515103 0.671688
0.766444 0.479297 0.671615
0.794879 0.508178 0.691198
0.811535 0.613693 0.685069
0.733514 0.44934 0.676511
0.74979 0.56411 0.689788
0.732609 0.471032 0.666517
0.721377 0.548271 0.688194
0.702723 0.504365 0.705878
0.802981 0.562992 0.65332
0.6947 0.553115 0.635006
0.614773 0.481296 0.613469
0.637898 0.478417 0.533071
0.604196 0.498245 0.616061
0.569731 0.483343 0.579817
0.611319 0.51501 0.626619
0.727827 0.501284 0.612382
0.567449 0.472687 0.578029
0.618348 0.528442 0.632931
0.75233 0.54809 0.644921
0.6017 0.52173 0.587438
0.739595 0.476121 0.569067
0.588331 1.02666 0.808483
0.611178 0.50479 0.5931
0.596316 0.513098 0.572241
0.742799 0.540444 0.567036
0.632276 0.519641 0.572479
0.668958 0.503539 0.597388
0.65386 0.525409 0.66825
0.708407 0.544464 0.600915
0.872699 0.520188 0.650322
0.700157 0.53486 0.618101
0.724704 0.557253 0.918466
0.685376 0.546411 0.649771
0.704356 0.628203 0.647749
0.898527 0.64158 0.65794
0.740786 0.621416 0.748176
0.797766 0.53178 0.717816
0.804177 0.524239 0.753712
0.951442 0.580236 0.72063
0.963234 0.515727 0.754946
0.786634 0.511163 0.760564
0.742546 0.52887 0.693716
0.94395 0.484302 0.73158
0.878574 0.540525 0.672035
0.817798 0.513267 0.68211
0.790153 0.591555 0.750752
0.704705 0.64532 0.653093
0.72359 0.511612 0.659181
0.931739 0.586825 0.697358
0.66326 0.643131 0.65563
0.74912 0.526533 0.638395
0.670024 0.527977 0.615197
0.692648 0.536692 0.609163
0.700269 0.508645 0.634376
0.714999 0.511971 0.59536
0.73902 0.516915 0.63034
0.682841 0.565169 0.610917
0.70408 0.512563 0.621687
0.80295 0.660533 0.616342
0.678134 0.546718 0.609419
0.656382 0.516913 0.657979
0.652622 0.534647 0.664174
0.641215 0.480588 0.639967
0.853916 0.570904 0.608606
0.761926 0.533791 0.597397
0.676295 0.571762 0.671455
0.64782 0.517731 0.614559
0.672541 0.627845 0.609656
0.80054 0.653003 0.649312
0.724013 0.578623 0.726031
0.664805 0.459846 0.591424
0.643387 0.958098 0.618131
0.783804 0.573036 0.720728
1.00483 0.56723 0.739499
0.843289 0.601936 0.742237
0.806548 0.56839 0.7339
0.690912 0.485755 0.676223
0.733152 0.592991 0.709815
0.698353 0.507429 0.694169
0.714634 0.493109 0.688867
0.733754 0.529378 0.74711
0.762876 0.505622 0.632856
0.79075 0.527511 0.674571
0.77014 0.496302 0.643799
0.784711 0.617742 0.700469
0.751851 0.649941 0.695582
0.756756 0.544463 0.667172
0.836899 0.553109 0.755425
0.734392 0.689411 0.69271
0.752333 0.515239 0.703567
0.73673 0.49043 0.645237
0.755227 0.508564 0.688801
0.760486 0.48719 0.756006
0.758615 0.491643 0.712299
0.740736 0.627397 0.745789
0.761727 0.507337 0.762726
0.836553 0.534209 0.823639
0.817072 0.620385 0.9589
0.822913 0.523943 0.734754
1.05324 0.485167 0.838154
0.813092 0.495611 0.789367
0.795268 0.497121 0.786966
0.922472 0.534924 0.793705
0.793938 0.481621 0.799644
0.805802 0.448173 0.812147
1.06488 0.515873 0.785418
0.826315 0.53133 0.822646
0.818909 0.588922 0.94596
0.786065 0.470629 0.744141
0.838425 0.51538 0.787425
0.771683 0.478306 0.774299
0.77003 0.450046 0.765346
0.768626 0.473625 0.777615
0.820425 0.562065 0.762484
0.753302 0.465323 0.756102
0.945598 0.589218 0.744427
0.792051 0.48291 0.793981
0.907446 0.534377 0.747698
0.777139 0.488035 0.72571
0.837161 0.484923 0.704316
0.778999 0.479413 0.772638
0.819664 0.969008 0.748095
0.80725 0.48352 0.736513
0.857619 0.535406 0.790444
0.755078 0.481681 0.763509
0.740321 0.498685 0.744164
0.97497 0.829992 0.942958
0.776305 0.639623 0.816065
0.878271 0.65176 0.63933
1.00988 0.527138 0.662644
0.707849 0.547025 0.655951
0.737628 0.51026 0.63038
0.690493 0.506422 0.633934
0.695871 0.538153 0.663561
0.788706 0.500986 0.616347
0.74755 0.57589 0.70513
0.705007 0.518893 0.882099
0.722974 0.742992 0.911483
0.791662 0.623092 0.668684
0.916406 0.541196 0.829826
0.75672 0.55274 0.749857
0.7027 0.517809 0.665563
0.721678 0.472032 0.654283
1.10747 0.545352 0.714419
0.816174 0.575189 0.810541
0.898423 0.542374 0.738347
0.761081 0.500168 0.73976
0.826494 0.583641 0.847334
0.761179 0.542878 0.686465
1.05366 0.854439 1.02919
0.83548 0.512678 0.685072
0.796104 0.535274 0.733838
0.770337 0.517993 0.719732
0.862298 0.494434 0.69663
0.787071 0.504723 0.71831
0.79052 0.503524 0.706756
0.772006 0.630507 0.718457
0.745493 0.649116 1.00389
0.754995 0.58129 0.698689
0.753894 0.494425 0.714512
0.724091 0.480791 0.683266
0.749825 0.506362 0.68402
0.749854 0.518783 0.699167
0.866892 0.521311 0.717301
0.794062 0.536483 0.752195
0.817058 0.537418 0.82719
0.76835 0.490405 0.776287
0.869103 0.508807 0.787041
0.832643 0.496677 0.73947
0.867601 0.514328 0.899919
0.903169 0.554954 0.843281
0.875605 0.976234 0.86079
0.797923 0.452374 0.839798
0.855127 0.479519 0.81893
0.850982 0.507705 0.856144
0.867907 0.488451 0.935734
0.920309 0.484517 0.802344
1.09836 0.680632 0.837625
1.20714 0.631944 0.825916
0.934738 0.517574 0.895642
0.926425 0.481016 0.878284
0.928643 0.488249 0.892993
0.88236 0.436543 0.884605
0.976059 0.512898 0.835022
0.886289 0.445652 0.923396
0.933659 0.480456 0.868877
0.952897 0.479332 0.866667
0.91639 0.461234 0.913542
0.924997 0.50256 0.954043
0.948286 0.483706 0.893785
0.911875 0.51745 0.879107
0.929187 0.496468 0.985672
0.920075 0.481515 0.820086
0.955672 0.477689 0.823303
0.876585 0.477449 0.893149
0.949699 0.489046 0.85789
0.873373 0.474447 0.882241
0.847437 0.462395 0.850495
0.8734 0.478063 0.849385
0.891465 0.476516 0.843458
0.83329 0.439141 0.844198
0.848264 0.482065 0.827374
0.770385 0.452711 0.736954
0.921061 0.567687 0.860577
0.799215 0.503461 0.868088
0.765741 0.494749 0.721123
0.828154 0.524779 0.727684
0.928795 0.573244 0.800717
0.87652 0.548038 0.794813
0.774593 0.489539 0.724929
0.818629 0.531911 0.747601
0.75854 0.561765 1.29502
0.837764 0.450842 0.724751
0.926378 0.577377 0.710879
0.835053 0.493521 0.760335
0.882126 0.579814 0.799671
0.870211 0.477332 0.768976
0.968979 0.560237 0.785145
0.808737 0.497027 0.78525
0.814259 0.559074 0.777476
1.0271 0.560699 0.934882
0.860368 0.995419 0.81847
0.966312 0.481545 0.787624
0.979079 0.55795 0.895048
0.847744 0.451995 0.751556
0.89183 0.45922 0.794872
0.855789 0.479144 0.837967
0.947904 0.494049 0.844084
0.873734 0.485138 0.852547
1.10166 0.964724 1.38335
0.842293 0.562344 1.36137
0.870938 0.609745 0.786824
0.862713 0.490996 0.832983
0.932547 0.479653 0.834777
0.902756 0.495685 0.880994
0.958341 0.499435 0.824488
0.836471 0.491718 0.727707
0.831809 0.459717 0.774096
0.861347 0.491084 0.779153
0.870848 0.469916 0.76822
0.843156 0.475761 0.759493
0.783004 0.480221 0.733427
0.778189 0.48528 0.726499
0.789073 0.480389 0.742675
0.880628 0.582952 0.801644
0.880048 0.498194 0.822474
0.879054 0.503283 0.840059
0.94453 0.489942 0.81215
0.867132 0.474632 0.801222
0.876601 0.475036 0.825665
0.797462 0.484305 0.798019
0.903268 0.494381 0.748258
0.856277 0.46239 0.816261
0.924045 0.48194 0.816116
0.900285 0.447994 0.836653
0.891516 0.483632 0.814273
0.947187 0.504344 0.841526
1.12609 0.755546 1.04787
0.975252 0.477884 0.892383
0.833274 0.48716 0.892064
0.959182 0.460123 0.874183
0.918624 0.476575 0.913234
0.910531 0.437514 0.793134
0.905549 0.446419 0.893389
0.928833 0.488703 0.895454
0.956895 0.543482 0.845401
1.04602 0.455001 0.875757
1.17878 0.582425 0.943232
0.992215 0.476432 0.92877
0.96339 0.484731 0.917748
0.937612 0.485804 0.923723
1.18914 1.13924 0.890558
0.940116 0.486867 0.854123
0.915404 0.511705 0.90196
0.93523 0.507667 0.82605
0.927956 0.467263 0.82614
0.903977 0.474826 0.861009
0.904018 0.497511 0.820121
0.946455 0.541603 0.801677
0.878725 0.4817 0.805916
0.892979 0.460769 0.81041
0.931963 0.500166 0.818015
0.903553 0.471024 0.799376
0.969809 0.498173 0.911122
0.955104 0.487368 0.879339
1.15786 0.49622 0.913015
0.966345 0.486197 0.930324
0.999122 0.567257 0.871591
1.20046 0.48045 0.881288
0.920912 0.452367 0.857472
1.42826 0.830279 1.35533
0.982078 0.480234 0.891191
0.952647 0.488494 0.863951
0.950389 0.494981 0.833439
0.910979 0.482001 0.828693
0.903495 0.489944 0.825212
1.35286 0.832937 1.24827
0.959419 0.441645 0.759613
0.893221 0.458654 0.750325
0.874329 0.474141 0.851948
0.890467 0.480515 0.863232
0.926977 0.476092 0.870478
0.948321 0.520454 0.86916
0.943525 0.569812 0.865615
0.88696 0.496738 0.869636
1.39447 0.824509 1.23252
0.889134 0.491152 0.778314
0.868414 0.465025 0.796207
0.890648 0.491812 0.822887
0.859045 0.484959 0.790219
0.943672 0.437142 0.814281
0.869608 0.439448 0.814195
0.921632 0.492256 0.846415
0.879589 0.48639 0.854341
0.967083 0.497611 0.88024
0.92748 0.473417 0.905963
0.982127 0.436292 0.908464
0.958209 0.512249 0.91166
0.943201 0.466955 0.900278
1.83964 0.928501 1.78465
2.17109 0.93627 1.70649
0.898999 0.986186 0.888141
0.949827 0.44645 0.835794
0.93413 0.476903 0.889687
0.928231 0.463619 0.880065
0.919492 0.479633 0.832526
0.930771 0.477212 0.83945
0.904627 0.479953 0.911699
0.943919 0.491259 0.853032
0.953305 0.614471 0.8447
1.00999 0.494953 0.886843
1.00315 2.98019 0.90144
1.00409 0.519433 0.887797
0.972661 0.485526 0.877563
0.974987 0.482499 0.888506
0.952785 0.454941 0.933618
0.98242 0.471336 0.881537
0.965485 0.503518 0.881345
1.42321 0.646412 1.21681
1.08606 0.487211 0.932582
1.03078 0.43664 0.951847
1.00523 0.482136 0.966046
1.02258 0.447524 0.916898
1.03815 0.555651 0.896319
0.99991 0.572746 1.02233
1.05645 0.454169 1.00733
1.05191 0.479651 0.969564
0.997773 0.447654 0.99565
1.06383 0.455843 0.950135
1.11234 0.482689 0.93863
1.04889 0.436492 1.01749
1.12756 0.485318 1.03177
1.15899 0.573039 1.08908
1.1135 0.464709 1.09453
1.29622 0.46001 1.05554
1.15058 0.498227 1.09338
0.995665 0.443791 1.04363
1.13432 0.481893 1.02666
1.18628 0.464444 1.0366
1.13654 0.529706 1.13934
1.14458 0.514809 1.13891
1.16172 0.482565 1.09187
1.10427 0.456654 1.05702
1.17634 0.480923 1.07891
1.14189 0.477781 0.993316
1.1511 0.494662 1.15135
1.18271 0.457409 1.05044
1.35334 0.51963 1.09299
1.1508 0.539155 1.01984
1.22968 0.586203 1.00569
1.16032 0.481826 1.10305
1.09877 0.948265 1.14571
1.13395 0.447682 1.12494
1.17921 0.49374 1.15642
1.20423 0.4767 1.11615
1.2537 0.49091 1.11196
1.23798 0.58546 1.13422
1.27149 0.602288 1.19261
1.75934 0.807227 1.74112
1.12095 0.45591 1.08905
1.22377 0.503705 1.1745
1.19665 0.482468 1.16832
1.1546 0.457757 1.17786
1.27321 0.490434 1.14952
1.75589 0.748553 1.32099
1.09551 0.449389 1.08968
1.16962 0.44109 1.16302
1.16231 0.492129 1.00144
1.12709 0.602187 1.14565
1.13312 0.436634 1.04864
1.15105 0.593925 1.00422
1.1824 0.44644 1.07615
1.16223 0.519644 1.05706
1.14121 0.508393 0.990395
1.11834 0.488063 1.11275
1.29588 0.614057 1.08083
1.18761 0.460835 1.12861
1.16042 0.458987 1.06598
1.1856 0.478882 1.13655
1.23976 0.496602 1.15434
1.18001 0.508204 1.13062
1.15875 0.607172 1.13241
1.20394 0.505757 1.15635
1.17735 0.481323 1.08184
1.20025 0.471683 1.08468
1.19562 0.504728 1.07738
1.20521 0.502329 1.10646
1.27241 0.452911 1.10292
1.17703 0.474597 1.04524
1.13455 0.479747 1.05854
1.18749 0.526542 1.07085
1.13753 0.521386 1.00998
1.45335 0.721325 1.34655
1.14299 0.484608 1.096
1.16203 0.493051 1.0631
1.1756 0.483067 1.05563
1.18605 0.46769 1.14248
1.05686 0.469012 1.04763
1.13231 0.46902 1.06059
1.61984 0.619386 1.08099
1.05095 0.452343 1.05556
1.5955 1.15275 1.11982
1.1262 0.462518 1.07476
1.15438 0.451068 1.05432
1.14797 0.485281 1.11316
1.1767 0.475125 1.13055
1.16804 0.515013 1.12377
1.1904 0.56921 1.14998
1.78708 0.757161 1.57863
1.62152 0.761728 1.60316
1.15765 0.471698 1.0355
1.12374 0.479235 1.04647
1.12389 0.500397 1.05606
1.58429 0.667545 1.53165
1.07105 0.437443 1.16563
1.08612 0.43813 1.05722
1.02897 0.432937 1.03561
1.05447 0.475645 0.941874
1.06013 0.49625 0.981543
1.06296 0.452425 1.0061
1.07824 0.489836 0.981687
1.05046 0.478935 0.975393
1.05264 0.506834 0.979101
1.0729 0.490706 0.967038
1.05941 0.472989 0.895628
1.41781 0.67526 1.40141
0.920482 0.436998 0.955436
1.08036 0.611448 0.973416
1.0052 0.453146 0.913634
0.948398 0.437318 0.952558
1.02928 0.486276 0.97761
1.08219 0.501985 0.847784
0.93317 0.429709 0.910401
0.90497 0.450396 0.885645
1.02221 0.569528 1.01623
0.955421 0.490087 0.882754
0.922098 0.580735 0.937769
0.93979 0.49152 0.867073
0.954771 0.502443 0.821479
0.981021 0.48386 0.903747
1.02777 0.486415 0.912958
0.949254 0.496226 0.941595
1.0421 0.519243 0.879253
0.976088 0.487207 0.870881
0.948307 0.433664 0.890841
0.944775 0.490583 0.884936
0.982945 0.500686 0.911897
0.905262 0.475507 0.84081
0.936582 0.496412 0.84516
0.938986 0.487897 0.813425
0.926963 0.479499 0.83549
0.917094 1.07071 0.880073
0.993589 0.531828 0.879805
0.954085 0.501639 0.856115
0.96031 0.552688 0.879122
0.863638 0.462342 0.887151
0.982026 0.523759 0.867075
0.875956 0.481302 0.804755
0.931679 0.485264 0.811044
1.33244 0.853276 1.22184
0.874646 0.492185 0.803859
0.985874 0.60777 0.841488
0.850044 0.4821 0.779731
0.872395 0.482216 0.824262
0.836762 0.534183 0.8605
0.725493 0.477237 0.794722
0.863407 0.548073 0.851674
0.861363 0.546227 0.854659
0.880206 0.47724 0.767496
0.786349 0.616314 0.690029
0.727721 0.451496 0.779253
0.776019 0.460346 0.788749
0.7803 0.475079 0.82329
0.815162 0.484111 0.837075
1.29604 0.688309 0.800261
0.91994 0.493129 0.822731
0.936118 0.495807 0.919421
0.985422 0.530845 0.865838
0.945728 0.476948 0.894327
0.975413 0.44905 0.888517
0.91211 0.503845 0.819548
0.849731 0.50083 0.794382
0.904897 0.494064 0.850733
0.863631 0.514833 0.80091
0.886279 0.48114 0.792239
0.841295 0.485694 0.792633
0.85992 0.463471 0.793553
0.983242 0.490334 0.818112
0.931422 0.453813 0.830218
0.877596 0.483195 0.825512
0.811281 0.45831 0.777011
0.901967 0.608122 0.834659
0.907346 0.486516 0.839985
0.878937 0.478729 0.739644
1.18568 0.611382 0.803792
0.910692 0.462098 0.818311
0.888885 0.524611 0.833988
1.02179 0.539097 0.839707
0.917536 0.494584 0.827353
1.02004 0.524804 0.947673
0.9815 0.504646 0.850019
0.979236 1.11548 0.932115
0.999567 0.527087 0.890997
0.940833 0.486024 0.927778
0.971472 0.451581 0.825122
0.933087 0.523001 0.878138
0.916681 0.441218 0.867197
1.02734 0.471019 0.862776
0.9567 0.547455 0.871596
0.863977 0.450245 0.833945
0.916383 0.479887 0.850537
0.966805 0.485801 0.855085
0.858171 0.563869 0.85431
0.890138 0.47827 0.773289
0.847497 0.448634 0.812572
0.891063 0.489317 0.764324
0.883734 0.477962 0.850438
0.847363 0.446492 0.858876
0.776393 0.501357 0.808267
0.913553 0.485632 0.840743
0.92164 0.44543 0.868121
0.913762 0.51505 0.779964
0.894708 0.447614 0.833238
0.894969 0.606169 0.837893
0.882569 0.501734 0.856125
0.910338 0.481339 0.865997
0.917214 0.468741 0.883504
0.86249 0.442183 0.891074
0.903897 0.473819 0.888872
0.907647 0.484698 0.778368
0.918772 0.493932 0.848475
0.936577 0.490728 0.915583
1.04773 0.538263 0.966496
0.929261 0.438828 0.99266
1.02028 0.467561 0.999972
0.968798 0.461841 0.956344
1.04926 0.481884 0.986662
1.07253 0.483234 0.966412
1.00002 0.487492 0.987276
1.01497 0.485185 0.992753
1.01624 0.505568 1.01083
1.12024 0.522407 1.02823
1.07003 0.487135 0.963638
1.04402 0.479838 1.01185
1.06588 0.486296 1.02495
1.13383 0.519664 0.95736
1.10162 0.641563 1.03288
1.07272 0.480809 0.980636
1.1064 0.451536 1.01798
1.08821 0.493726 0.965329
1.04385 0.435917 1.0337
1.09778 1.08777 1.33357
1.08652 0.47743 1.0402
1.06054 0.492844 1.02676
1.12104 0.482045 1.06816
1.07074 0.444807 1.03499
1.10384 0.459348 1.10343
1.03875 0.45219 1.01668
1.22337 0.51974 1.04584
1.27318 0.631137 1.36024
1.20002 0.446026 1.09863
1.1436 0.461055 1.09804
1.14526 0.483309 1.05888
1.16034 0.470339 1.078
1.15776 0.596605 1.12743
1.02783 0.435849 1.05455
1.24656 0.538418 1.11166
1.08237 0.476251 0.995307
1.14473 0.566351 1.08339
1.12883 0.438008 1.0024
1.12999 0.483812 1.07181
1.18586 0.483127 1.05313
1.10879 0.495766 1.0602
1.11706 0.598032 1.08397
1.18657 0.482307 1.09913
1.23708 0.498796 1.0931
1.12215 0.477772 1.04009
1.21598 0.617206 1.06325
1.68085 0.780462 1.58207
1.50357 0.477413 1.04688
1.16163 0.477498 1.12039
1.15024 0.498255 1.06093
1.20164 0.485038 1.10105
1.1324 0.469189 1.03807
1.12694 0.477184 1.07355
1.22809 0.485135 1.06915
1.02729 0.431517 1.0674
1.11471 0.496202 1.10135
1.11207 0.495489 1.09192
1.13981 0.479522 1.00137
1.12112 0.480949 1.04088
1.13648 0.479828 1.09473
1.1337 0.48293 1.09703
1.1354 0.452587 1.06679
1.16892 0.489274 1.0848
1.17893 0.480725 1.15658
1.18623 0.495065 1.17544
1.11972 0.488365 1.08918
1.17633 0.511704 1.09927
1.14592 0.468716 1.15688
1.14064 0.455918 1.02441
1.21631 1.23992 1.06893
1.10704 0.460273 1.03837
1.26483 0.498443 1.06479
1.13937 0.48737 1.04918
1.05194 0.458267 1.08039
1.10236 0.476027 1.04621
1.0569 0.455533 1.02956
1.11235 0.505264 0.979818
1.08296 0.455097 1.02555
1.13023 0.490801 1.05858
1.0687 0.485151 1.09242
1.11413 0.482185 1.03888
1.12096 0.458675 1.08632
1.40983 0.589047 1.03222
1.04834 0.440423 1.05299
1.19942 0.486061 1.06416
1.13461 0.477476 1.04563
1.18498 0.513406 1.06915
1.70054 0.823421 1.63358
1.17249 0.661941 1.03482
1.17659 0.468181 1.06249
1.12637 0.4751 1.06034
1.06659 0.448487 1.0553
1.13172 0.485928 1.12319
1.06769 0.458497 1.0347
1.12689 0.490586 1.05146
1.11348 0.481589 0.968021
1.04673 0.485242 1.04844
1.12929 0.453774 1.07001
1.12593 0.483768 1.04978
1.7098 0.59627 1.0606
1.12928 0.492043 1.04099
1.42276 0.487487 1.05811
1.12171 0.621053 1.0783
1.10973 0.468104 1.01106
1.12265 0.477765 1.08949
1.0973 0.434597 1.02569
1.17834 0.481502 1.07397
1.29578 0.675695 1.24077
1.16945 0.487022 1.05258
1.09946 0.441893 0.970932
1.14603 0.492546 1.09202
1.13332 0.44144 1.06744
1.27622 0.481571 1.09331
1.14246 0.537198 1.04714
1.13324 0.535426 1.11011
1.13816 0.456105 1.12161
1.08683 0.454304 1.05233
1.11205 0.482429 1.11693
1.03702 0.441914 1.12135
1.13249 1.03364 1.11855
1.06997 0.467281 1.11179
1.14907 0.500936 1.05469
1.13858 0.474626 1.10109
1.14485 0.48772 0.98283
1.11181 0.533732 1.42312
1.14667 0.546862 1.05961
1.10591 0.451282 0.999087
1.1743 0.628146 1.05556
1.13868 0.474648 1.03114
1.17343 0.515477 1.19417
1.12403 0.473584 1.10184
1.13906 0.47966 0.978954
1.27176 0.466121 1.06681
1.16098 0.61644 1.0269
1.14719 0.443883 0.970712
1.11911 0.485976 1.02916
1.40736 0.784039 1.16955
1.0791 0.489184 1.00729
0.987507 0.452102 1.04613
1.06251 0.443556 1.01581
1.05677 0.508994 1.00495
1.02538 0.502881 0.966461
1.02921 0.503044 0.998255
1.00861 0.493909 0.97984
0.999839 0.50691 0.917867
1.22217 0.513364 0.905058
0.974961 0.599606 0.930501
0.989552 0.453484 0.914591
0.985904 0.501222 0.910907
0.862931 0.450269 0.848489
0.889222 0.480381 0.865613
0.926505 0.593483 0.858311
0.839718 0.4506 0.808699
0.918838 0.480497 0.819506
0.869303 0.500096 0.763916
0.773804 0.506726 0.794476
0.782194 0.513891 0.672241
0.752409 0.487106 0.692372
0.888145 0.483301 0.712071
0.761217 0.524567 0.745908
0.779814 0.502891 0.769526
0.757939 0.47106 0.713047
0.924086 0.72138 0.77503
1.0681 0.818213 1.29633
0.796455 0.627942 0.794046
1.25842 0.730516 1.2496
0.850374 0.483969 0.79187
0.866953 0.610102 0.819121
0.850974 0.503766 0.822982
0.849002 1.06032 0.787031
1.13504 0.538985 1.01518
0.960035 0.492669 0.816573
0.761607 0.436622 0.727947
0.753463 0.457299 0.711359
0.790882 0.469282 0.730909
0.787304 0.620728 0.772798
0.777404 0.484007 0.775002
0.782965 0.496862 0.77735
0.834159 0.435866 0.713465
0.735358 0.443825 0.723257
0.845608 0.443161 0.697104
0.844642 0.511463 0.733698
0.856853 0.541391 0.753583
0.849271 0.515689 0.77085
0.796636 0.485163 0.745437
0.873521 0.625628 0.782303
0.829635 0.457594 0.823855
0.882829 0.483447 0.833777
0.873409 0.503737 0.834885
0.94203 0.487756 0.833826
0.929956 0.638524 0.838755
0.830681 0.436411 0.845674
0.929402 0.574455 0.865167
0.908609 0.434569 0.882587
0.946983 0.496172 0.863232
0.941557 0.471182 0.855312
0.947986 0.540172 0.899144
0.953574 0.481027 0.882453
0.883785 0.435344 0.867658
1.30069 0.550958 0.988507
0.913817 0.437266 0.895932
0.926501 0.456128 0.944089
0.946204 0.488754 0.871727
0.959167 0.597882 0.866438
0.876353 0.457902 0.866446
0.892914 0.504553 0.87697
0.957449 0.461325 0.796051
0.928684 0.487138 0.847313
0.931421 0.484489 0.881157
1.01525 0.530332 0.986207
1.02758 0.50641 0.928956
1.00281 0.518276 0.855477
0.941567 0.510395 1.20747
0.937402 0.494657 0.85801
0.900697 0.443643 0.855248
0.968552 0.461356 0.859178
0.91335 0.448924 0.858663
0.935567 0.502733 0.857897
0.960817 0.509313 0.852427
0.952925 1.19461 0.859418
0.972646 0.488215 0.866004
1.33549 0.523514 0.887416
0.946946 0.532463 0.899866
0.963799 0.49578 0.870261
1.00957 0.492764 0.972885
1.02452 0.479425 1.22159
0.912442 0.462286 0.925075
1.06528 0.482226 0.96884
0.991954 0.598756 0.926123
1.05046 0.48921 0.934089
1.05614 0.493645 0.950318
1.06732 0.483982 0.970224
1.07149 0.488691 1.41134
1.04767 0.456118 1.012
1.10494 0.480096 1.01968
1.09502 0.478738 0.997213
1.1262 0.462948 1.00856
1.05467 0.447915 1.0414
1.12618 0.489032 0.984788
1.07504 0.478708 0.982662
1.00538 0.45623 0.930916
1.00824 0.496819 1.01184
0.962694 0.46154 0.904513
1.05024 0.524808 0.888356
0.959596 0.476767 0.915771
0.959602 0.518433 0.9135
0.972895 0.479126 0.914329
0.94375 0.476775 0.918132
0.983348 0.479085 0.908536
0.900968 0.480837 0.857455
0.955262 0.447132 0.861826
0.955368 0.490056 0.87446
0.943762 0.441797 0.896338
0.968245 0.510284 0.862586
0.883561 0.451604 0.865734
0.920417 0.463474 0.91651
0.877526 0.481823 0.875378
0.973248 0.487709 0.882589
0.960653 0.496393 0.823894
1.00199 0.491864 0.938659
0.954087 0.483131 0.868841
0.936388 0.438462 0.922987
0.874519 0.47357 0.931507
0.966391 0.494322 0.946226
0.925055 0.441572 0.831805
1.0163 0.484815 0.8852
0.962174 0.489923 0.813487
1.01548 0.47951 0.894361
0.977553 0.484245 0.889481
0.955448 1.16104 0.892601
0.932776 0.437879 0.834919
0.95715 0.480933 0.868522
0.952905 0.476858 0.82951
0.941312 0.513171 0.873953
0.93311 0.481818 0.836712
0.951172 0.505045 0.851407
0.926909 0.478659 0.824866
0.88489 0.637107 1.12191
0.896807 0.492332 0.842863
0.855786 0.449273 0.857188
0.870039 0.487812 0.781868
0.865831 0.491781 0.779076
0.85822 0.437796 0.807759
0.938456 0.492312 0.834168
0.905163 0.493138 0.822025
0.919224 0.47831 0.812758
0.93205 0.495052 0.904807
1.02694 0.485797 1.00277
1.01984 0.478138 0.907629
1.04556 0.474917 0.935925
1.04407 0.497346 0.896311
1.06802 0.47886 0.960002
1.02243 0.48809 1.0108
1.00564 0.460437 0.948325
1.0366 0.465819 0.944632
1.05868 0.520187 0.929748
0.986128 0.47735 0.939896
0.950255 0.490104 0.938022
1.02622 0.502387 0.795756
0.947779 0.510508 0.881061
0.949914 0.548174 0.849406
0.885231 0.492784 0.84761
0.911947 0.479423 0.824613
0.886777 0.486551 0.804939
0.973804 0.506164 0.817566
1.07977 0.616328 0.773948
0.914197 0.497905 0.813707
0.874573 0.475878 0.812996
0.891254 0.481686 0.800294
0.870486 0.48249 0.863467
0.939547 0.496636 0.820594
0.921556 0.49299 0.830116
0.948702 0.471388 0.883585
0.925642 0.473609 0.899484
0.927193 0.479779 0.899784
1.16194 0.729902 0.995514
0.987018 0.491929 0.840321
0.963282 0.470492 0.862439
0.997525 0.546731 0.872955
0.910084 1.10445 0.911507
0.960122 0.490181 0.898027
0.900008 0.478634 0.81566
0.948803 0.48864 0.831329
0.873041 0.477727 0.7881
0.963937 0.574876 0.814741
0.776809 0.490863 0.714504
1.0198 0.510936 0.876013
0.768832 0.497235 0.687212
0.688918 0.501325 0.630752
0.74493 0.577456 0.799073
0.735665 0.506047 0.624473
0.767054 0.792267 0.784698
0.658172 0.497764 0.670832
0.650989 0.534336 0.803346
0.775177 0.55524 0.586909
0.642151 0.475049 0.608132
0.799868 0.545125 0.692864
0.777274 0.517278 0.61761
0.630295 0.460379 0.666388
0.724222 0.473291 0.641398
0.709925 0.493312 0.668578
0.7054 0.494752 0.796867
0.686102 0.516826 0.638029
0.664859 0.49726 0.603214
0.637627 0.498581 0.589122
0.690132 0.723878 0.659323
0.767553 0.680749 0.871083
0.575698 0.497221 0.539074
0.630934 0.604 0.59562
0.635255 0.479332 0.546377
0.792754 0.708694 0.701846
0.801802 0.618094 0.62054
0.82049 0.609764 0.75793
0.6902 0.487774 0.62703
0.876845 0.499276 0.628738
0.842614 0.489634 0.809215
0.901886 0.501775 0.863243
0.911902 0.439396 0.903849
0.895024 0.45381 0.89068
1.06126 0.482941 0.893104
0.909321 0.460192 0.894336
1.10392 0.500727 0.885506
0.906098 0.49251 0.836173
0.913573 0.487026 0.86849
0.895124 0.486673 0.837273
0.862955 0.483008 0.844837
0.855654 0.442426 0.793643
0.84883 0.489425 0.826705
0.849028 0.47759 0.824114
0.858852 1.28493 0.748723
0.915207 0.451243 0.826839
0.859646 0.485253 0.830086
0.876737 0.473105 0.847597
0.863011 0.483119 0.769879
0.941211 0.513472 0.784658
0.865378 0.488497 0.742917
0.897756 0.556812 0.837945
0.861689 0.505805 0.777955
0.857652 0.484974 0.755494
0.897315 0.482942 0.802478
0.872072 0.48436 0.776096
0.811163 0.479811 0.727054
0.737279 0.507493 0.704609
0.816222 0.67661 0.762868
0.786638 0.510019 0.709455
0.750451 0.511407 0.712689
0.778368 0.495455 0.723878
0.776858 0.507162 0.688909
0.716381 0.506484 0.668804
0.712491 0.504805 0.690925
0.780032 0.528644 0.713819
0.906848 0.507347 0.827388
0.78861 0.550659 0.696729
0.777863 0.525662 0.670348
0.789134 0.577482 0.743712
0.73498 0.508512 0.728579
0.804829 0.504665 0.677737
0.76888 0.514263 0.748924
0.773722 0.546284 0.68875
0.783995 0.572508 0.769904
0.771699 0.502465 0.78236
1.10773 0.69154 1.02787
0.922577 0.642537 0.834311
0.886955 0.545197 0.83609
0.896048 0.522442 0.857386
0.929028 0.507182 0.851527
0.885782 0.473758 0.832448
0.921872 0.500863 0.893585
1.33373 0.867762 1.20052
0.938313 0.450053 0.874716
0.927921 0.483127 0.903247
1.00799 0.652559 0.937113
1.01795 0.621422 0.913452
1.02581 0.496205 1.20568
0.945697 0.563871 0.930958
1.17585 0.497 1.01172
1.07541 0.502676 1.08093
1.03924 0.484599 0.951146
1.03547 0.479632 0.937402
1.00366 1.15852 0.89428
0.931211 0.450366 0.864682
1.00823 0.51765 1.13627
0.965647 0.482854 0.929957
0.930012 0.51177 0.862739
0.900673 0.46031 0.930051
0.919446 0.515145 0.851019
0.900447 0.453865 0.812904
1.14049 0.529377 0.813566
0.849976 0.503474 0.785159
1.03059 0.51103 0.773801
0.77514 0.516574 0.732342
0.793801 0.504302 0.714282
0.948016 0.538044 0.723082
0.784426 0.505895 0.702764
0.737381 0.473469 0.698922
0.761248 0.503671 0.747332
0.853124 0.550494 0.794801
0.857205 0.575124 0.8705
0.779 0.485078 0.713649
0.814516 0.484689 0.767734
0.887719 0.488007 0.78232
0.795529 0.486615 0.741136
0.792442 0.480733 0.750025
0.86135 0.492983 0.766016
0.826806 0.463498 0.695291
0.88673 0.546629 1.11115
0.832297 0.451965 0.730823
0.81213 0.485165 0.719247
0.795583 0.463057 0.757304
0.752604 0.501347 0.684336
0.830176 0.439282 0.745182
0.881352 0.429737 0.739221
0.774211 0.484098 0.749437
0.805963 0.619401 0.754071
0.85766 0.49489 0.765448
0.741852 0.479102 0.768421
0.793637 0.480719 0.778678
0.768906 0.453809 0.777835
0.830623 0.53463 0.782343
0.864189 0.466613 0.79582
0.935943 0.483074 0.817423
0.929226 0.481308 0.799165
0.92785 0.494378 0.805352
1.05779 0.543686 0.832621
1.01277 0.51557 0.919464
0.992794 0.488488 0.857972
0.927155 0.480995 0.81375
0.940474 0.480313 0.827987
0.921598 0.493251 0.823351
0.956024 1.24624 0.834525
1.0057 0.501563 0.817905
0.863694 0.466138 0.812352
0.907764 0.486688 0.823114
0.949067 0.486349 0.877433
0.928302 0.496437 0.836121
0.920466 0.478991 0.82155
0.924613 0.476768 0.804397
0.905563 0.47993 0.782902
