26.4114 0.000124 0.354936
22.1864 0.000105 0.432385
33.4845 0.000123 0.544567
33.683 0.00025 0.620178
58.1036 0.000146 0.713319
53.4125 0.000148 0.854192
44.6005 0.000133 0.733111
62.7394 0.000129 1.12623
89.5422 7.1e-05 1.97417
85.526 0.000114 1.42063
96.1021 0.000114 2.72917
98.9702 0.000148 2.66111
83.4343 0.000117 2.21415
76.7155 0.000111 1.93395
69.2198 0.000152 4.3116
108.971 0.000133 1.80526
97.4492 0.000112 2.09367
106.011 0.000137 3.51486
101.82 0.000156 2.04092
130.375 0.000143 3.30882
127.024 0.000145 4.08777
124.645 0.000118 6.22639
156.781 0.000211 5.2226
147.612 0.000124 3.54115
133.924 0.000145 4.83202
